x,y,reading
62,21,0.378995
63,20,0.4005784464285715
63,21,0.394156625
63,22,0.38773480357142864
63,23,0.38131298214285714
63,24,0.37489116071428574
64,19,0.42216189285714284
64,20,0.41574007142857144
64,21,0.40931825
64,22,0.40289642857142854
64,23,0.39647460714285715
64,24,0.39005278571428575
64,25,0.3836309642857143
64,26,0.3772091428571429
64,27,0.3707873214285714
64,28,0.3643655
65,18,0.44374533928571425
65,19,0.43732351785714285
65,20,0.4309016964285715
65,21,0.424479875
65,22,0.41805805357142856
65,23,0.41163623214285716
65,24,0.4052144107142857
65,25,0.3987925892857143
65,26,0.39237076785714287
65,27,0.3859489464285714
65,28,0.379527125
65,29,0.37310530357142857
65,30,0.3666834821428572
65,31,0.3602616607142857
66,17,0.4653287857142857
66,18,0.45890696428571426
66,19,0.4524851428571428
66,20,0.44606332142857147
66,21,0.4396415
66,22,0.43321967857142857
66,23,0.4267978571428572
66,24,0.4203760357142857
66,25,0.4139542142857143
66,26,0.4075323928571428
66,27,0.4011105714285715
66,28,0.39468875
66,29,0.3882669285714285
66,30,0.38184510714285713
66,31,0.37542328571428574
66,32,0.3690014642857143
66,33,0.36257964285714284
66,34,0.3561578214285714
66,35,0.349736
67,16,0.48691223214285717
67,17,0.4804904107142857
67,18,0.47406858928571427
67,19,0.4676467678571429
67,20,0.4612249464285715
67,21,0.45480312500000003
67,22,0.4483813035714286
67,23,0.44195948214285713
67,24,0.4355376607142858
67,25,0.4291158392857143
67,26,0.4226940178571429
67,27,0.41627219642857144
67,28,0.40985037500000004
67,29,0.40342855357142854
67,30,0.39700673214285714
67,31,0.3905849107142857
67,32,0.39416587804878045
67,33,0.4077496341463414
67,34,0.4213333902439024
67,35,0.4349171463414634
68,14,0.5149175
68,15,0.5084956785714285
68,16,0.5020738571428571
68,17,0.49565203571428573
68,18,0.4892302142857142
68,19,0.4828083928571429
68,20,0.47638657142857144
68,21,0.46996475
68,22,0.46354292857142854
68,23,0.45712110714285714
68,24,0.4506992857142857
68,25,0.4442774642857143
68,26,0.4378556428571428
68,27,0.4314338214285714
68,28,0.42501199999999995
68,29,0.43859575609756096
68,30,0.4521795121951219
68,31,0.46576326829268294
68,32,0.4793470243902439
68,33,0.49293078048780486
68,34,0.5065145365853658
68,35,0.5200982926829268
68,36,0.5336820487804877
69,13,0.5365009464285715
69,14,0.530079125
69,15,0.5236573035714286
69,16,0.5172354821428572
69,17,0.5108136607142857
69,18,0.5043918392857142
69,19,0.4979700178571428
69,20,0.4915481964285714
69,21,0.48512637500000005
69,22,0.47870455357142855
69,23,0.47228273214285715
69,24,0.46586091071428576
69,25,0.46944187804878035
69,26,0.48302563414634136
69,27,0.4966093902439024
69,28,0.5101931463414634
69,29,0.5237769024390243
69,30,0.5373606585365853
69,31,0.5509444146341463
69,32,0.5645281707317072
69,33,0.5781119268292683
69,34,0.5916956829268293
69,35,0.6052794390243903
69,36,0.6188631951219512
70,12,0.5580843928571428
70,13,0.5516625714285714
70,14,0.54524075
70,15,0.5388189285714285
70,16,0.5323971071428572
70,17,0.5259752857142856
70,18,0.5195534642857143
70,19,0.5131316428571429
70,20,0.5067098214285715
70,21,0.500288
70,22,0.513871756097561
70,23,0.5274555121951219
70,24,0.5410392682926829
70,25,0.5546230243902439
70,26,0.5682067804878048
70,27,0.581790536585366
70,28,0.5953742926829269
70,29,0.6089580487804878
70,30,0.6225418048780488
70,31,0.6361255609756097
70,32,0.6497093170731707
70,33,0.6632930731707317
70,34,0.6768768292682926
70,35,0.6904605853658536
70,36,0.7040443414634147
70,37,0.7176280975609756
71,11,0.5796678392857143
71,12,0.5732460178571428
71,13,0.5668241964285714
71,14,0.5604023749999999
71,15,0.5539805535714285
71,16,0.5475587321428571
71,17,0.5411369107142857
71,18,0.5447178780487805
71,19,0.5583016341463415
71,20,0.5718853902439024
71,21,0.5854691463414634
71,22,0.5990529024390243
71,23,0.6126366585365853
71,24,0.6262204146341463
71,25,0.6398041707317074
71,26,0.6533879268292684
71,27,0.6669716829268292
71,28,0.6805554390243902
71,29,0.6941391951219512
71,30,0.7077229512195122
71,31,0.7213067073170731
71,32,0.7348904634146342
71,33,0.7484742195121952
71,34,0.7620579756097561
71,35,0.7756417317073171
71,36,0.789225487804878
71,37,0.8028092439024391
71,38,0.816393
72,10,0.6012512857142858
72,11,0.5948294642857143
72,12,0.5884076428571429
72,13,0.5819858214285715
72,14,0.575564
72,15,0.5891477560975609
72,16,0.6027315121951219
72,17,0.6163152682926829
72,18,0.6298990243902438
72,19,0.6434827804878048
72,20,0.6570665365853658
72,21,0.6706502926829269
72,22,0.6842340487804877
72,23,0.6978178048780488
72,24,0.7114015609756098
72,25,0.7249853170731707
72,26,0.7385690731707317
72,27,0.7521528292682926
72,28,0.7657365853658537
72,29,0.7793203414634147
72,30,0.7929040975609756
72,31,0.8064878536585367
72,32,0.8200716097560976
72,33,0.8336553658536585
72,34,0.8472391219512195
72,35,0.8608228780487805
72,36,0.8744066341463416
72,37,0.8879903902439025
72,38,0.9015741463414634
73,9,0.6228347321428571
73,10,0.6164129107142857
73,11,0.6199938780487804
73,12,0.6335776341463415
73,13,0.6471613902439024
73,14,0.6607451463414633
73,15,0.6743289024390244
73,16,0.6879126585365853
73,17,0.7014964146341464
73,18,0.7150801707317074
73,19,0.7286639268292684
73,20,0.7422476829268293
73,21,0.7558314390243903
73,22,0.7694151951219512
73,23,0.7829989512195121
73,24,0.7965827073170731
73,25,0.8101664634146342
73,26,0.8237502195121952
73,27,0.8373339756097561
73,28,0.8509177317073171
73,29,0.8645014878048781
73,30,0.8780852439024391
73,31,0.891669
73,32,0.905252756097561
73,33,0.918836512195122
73,34,0.932420268292683
73,35,0.946004024390244
73,36,0.9595877804878049
73,37,0.9731715365853659
73,38,0.9867552926829268
73,39,1.000339048780488
74,7,0.65084
74,8,0.6644237560975609
74,9,0.6780075121951219
74,10,0.6915912682926828
74,11,0.7051750243902438
74,12,0.7187587804878048
74,13,0.7323425365853657
74,14,0.7459262926829268
74,15,0.7595100487804878
74,16,0.7730938048780488
74,17,0.7866775609756097
74,18,0.8002613170731707
74,19,0.8138450731707316
74,20,0.8274288292682928
74,21,0.8410125853658537
74,22,0.8545963414634146
74,23,0.8681800975609756
74,24,0.8817638536585366
74,25,0.8953476097560977
74,26,0.9089313658536586
74,27,0.9225151219512195
74,28,0.9360988780487806
74,29,0.9496826341463415
74,30,0.9632663902439025
74,31,0.9768501463414634
74,32,0.9904339024390243
74,33,1.0040176585365854
74,34,1.0176014146341463
74,35,1.0311851707317072
74,36,1.0447689268292684
74,37,1.0583526829268293
74,38,1.0719364390243904
74,39,1.085520195121951
75,7,0.6221394569732936
75,8,0.6572415032537962
75,9,0.6765979718004338
75,10,0.6959544403470714
75,11,0.7153109088937093
75,12,0.734667377440347
75,13,0.7540238459869848
75,14,0.7733803145336225
75,15,0.7927367830802603
75,16,0.812093251626898
75,17,0.8314497201735358
75,18,0.8508061887201736
75,19,0.8701626572668112
75,20,0.889519125813449
75,21,0.9088755943600868
75,22,0.9282320629067244
75,23,0.9475885314533623
75,24,0.9669449999999999
75,25,0.980528756097561
75,26,0.994112512195122
75,27,1.0076962682926829
75,28,1.021280024390244
75,29,1.034863780487805
75,30,1.0484475365853658
75,31,1.062031292682927
75,32,1.0756150487804879
75,33,1.0891988048780488
75,34,1.1027825609756097
75,35,1.1163663170731708
75,36,1.1299500731707317
75,37,1.1435338292682926
75,38,1.1571175853658537
75,39,1.1707013414634146
75,40,1.1842850975609758
76,7,0.5934389139465875
76,8,0.642187127596439
76,9,0.6636430065075921
76,10,0.6829994750542299
76,11,0.7023559436008677
76,12,0.7217124121475054
76,13,0.7410688806941431
76,14,0.7604253492407809
76,15,0.7797818177874187
76,16,0.7991382863340564
76,17,0.8184947548806941
76,18,0.837851223427332
76,19,0.8572076919739696
76,20,0.8765641605206074
76,21,0.8959206290672452
76,22,0.9152770976138829
76,23,0.9346335661605207
76,24,0.9539900347071584
76,25,0.9733465032537961
76,26,0.9927029718004339
76,27,1.0120594403470715
76,28,1.0314159088937094
76,29,1.050772377440347
76,30,1.0701288459869849
76,31,1.0894853145336225
76,32,1.1088417830802604
76,33,1.128198251626898
76,34,1.1475547201735357
76,35,1.1669111887201737
76,36,1.1862676572668112
76,37,1.205624125813449
76,38,1.2249805943600869
76,39,1.2443370629067245
76,40,1.2636935314533624
76,41,1.28305
77,7,0.5647383709198813
77,8,0.6134865845697329
77,9,0.6506880412147505
77,10,0.6700445097613883
77,11,0.689400978308026
77,12,0.7087574468546638
77,13,0.7281139154013014
77,14,0.7474703839479393
77,15,0.7668268524945769
77,16,0.7861833210412147
77,17,0.8055397895878524
77,18,0.8248962581344903
77,19,0.8442527266811279
77,20,0.8636091952277658
77,21,0.8829656637744034
77,22,0.9023221323210412
77,23,0.9216786008676789
77,24,0.9410350694143166
77,25,0.9603915379609544
77,26,0.9797480065075921
77,27,0.99910447505423
77,28,1.0184609436008678
77,29,1.0378174121475054
77,30,1.057173880694143
77,31,1.0765303492407807
77,32,1.0958868177874186
77,33,1.1152432863340564
77,34,1.134599754880694
77,35,1.153956223427332
77,36,1.1733126919739696
77,37,1.1926691605206075
77,38,1.212025629067245
77,39,1.2313820976138827
77,40,1.2507385661605208
77,41,1.267375156626506
78,6,0.4872896142433234
78,7,0.536037827893175
78,8,0.5847860415430267
78,9,0.6335342551928783
78,10,0.6570895444685465
78,11,0.6764460130151844
78,12,0.695802481561822
78,13,0.7151589501084599
78,14,0.7345154186550976
78,15,0.7538718872017353
78,16,0.773228355748373
78,17,0.7925848242950109
78,18,0.8119412928416486
78,19,0.8312977613882863
78,20,0.850654229934924
78,21,0.8700106984815619
78,22,0.8893671670281995
78,23,0.9087236355748374
78,24,0.928080104121475
78,25,0.9474365726681128
78,26,0.9667930412147505
78,27,0.9861495097613883
78,28,1.005505978308026
78,29,1.0248624468546639
78,30,1.0442189154013015
78,31,1.0635753839479394
78,32,1.082931852494577
78,33,1.1022883210412147
78,34,1.1216447895878525
78,35,1.1410012581344904
78,36,1.1603577266811278
78,37,1.1797141952277657
78,38,1.1990706637744037
78,39,1.2184271323210414
78,40,1.2360657831325301
78,41,1.251700313253012
79,6,0.4585890712166172
79,7,0.5073372848664688
79,8,0.5560854985163204
79,9,0.604833712166172
79,10,0.6441345791757049
79,11,0.6634910477223428
79,12,0.6828475162689804
79,13,0.7022039848156182
79,14,0.7215604533622559
79,15,0.7409169219088936
79,16,0.7602733904555314
79,17,0.7796298590021691
79,18,0.7989863275488069
79,19,0.8183427960954446
79,20,0.8376992646420824
79,21,0.8570557331887202
79,22,0.8764122017353579
79,23,0.8957686702819956
79,24,0.9151251388286333
79,25,0.9344816073752711
79,26,0.9538380759219088
79,27,0.9731945444685466
79,28,0.9925510130151844
79,29,1.011907481561822
79,30,1.03126395010846
79,31,1.0506204186550976
79,32,1.0699768872017352
79,33,1.089333355748373
79,34,1.108689824295011
79,35,1.1280462928416486
79,36,1.1474027613882862
79,37,1.1667592299349239
79,38,1.1861156984815617
79,39,1.2047564096385543
79,40,1.2203909397590362
79,41,1.2360254698795181
79,42,1.25166
80,6,0.4298885281899109
80,7,0.47863674183976257
80,8,0.5273849554896142
80,9,0.5761331691394659
80,10,0.6248813827893175
80,11,0.650536082429501
80,12,0.6698925509761388
80,13,0.6892490195227765
80,14,0.7086054880694143
80,15,0.727961956616052
80,16,0.7473184251626899
80,17,0.7666748937093275
80,18,0.7860313622559653
80,19,0.805387830802603
80,20,0.8247442993492408
80,21,0.8441007678958785
80,22,0.8634572364425164
80,23,0.882813704989154
80,24,0.9021701735357918
80,25,0.9215266420824295
80,26,0.9408831106290673
80,27,0.960239579175705
80,28,0.9795960477223428
80,29,0.9989525162689805
80,30,1.0183089848156182
80,31,1.0376654533622558
80,32,1.0570219219088937
80,33,1.0763783904555315
80,34,1.0957348590021692
80,35,1.1150913275488068
80,36,1.1344477960954447
80,37,1.1538042646420825
80,38,1.17316073318872
80,39,1.1890815662650602
80,40,1.2047160963855423
80,41,1.2203506265060242
80,42,1.2359851566265059
81,6,0.40118798516320475
81,7,0.4499361988130564
81,8,0.4986844124629079
81,9,0.5474326261127596
81,10,0.5961808397626112
81,11,0.6375811171366594
81,12,0.6569375856832972
81,13,0.6762940542299348
81,14,0.6956505227765727
81,15,0.7150069913232103
81,16,0.7343634598698482
81,17,0.7537199284164859
81,18,0.7730763969631236
81,19,0.7924328655097612
81,20,0.8117893340563991
81,21,0.8311458026030369
81,22,0.8505022711496746
81,23,0.8698587396963123
81,24,0.88921520824295
81,25,0.9085716767895878
81,26,0.9279281453362256
81,27,0.9472846138828633
81,28,0.9666410824295011
81,29,0.9859975509761388
81,30,1.0053540195227764
81,31,1.0247104880694142
81,32,1.044066956616052
81,33,1.06342342516269
81,34,1.0827798937093276
81,35,1.1021363622559652
81,36,1.1214928308026029
81,37,1.140849299349241
81,38,1.1577721927710842
81,39,1.1734067228915663
81,40,1.1890412530120482
81,41,1.20467578313253
81,42,1.220310313253012
82,5,0.3237392284866468
82,6,0.3724874421364985
82,7,0.42123565578635014
82,8,0.46998386943620174
82,9,0.5187320830860533
82,10,0.5674802967359049
82,11,0.6162285103857567
82,12,0.6439826203904555
82,13,0.6633390889370931
82,14,0.682695557483731
82,15,0.7020520260303686
82,16,0.7214084945770065
82,17,0.7407649631236441
82,18,0.760121431670282
82,19,0.7794779002169197
82,20,0.7988343687635574
82,21,0.8181908373101952
82,22,0.837547305856833
82,23,0.8569037744034707
82,24,0.8762602429501084
82,25,0.8956167114967462
82,26,0.9149731800433838
82,27,0.9343296485900217
82,28,0.9536861171366595
82,29,0.9730425856832972
82,30,0.9923990542299348
82,31,1.0117555227765727
82,32,1.0311119913232103
82,33,1.0504684598698482
82,34,1.069824928416486
82,35,1.0891813969631237
82,36,1.1085378655097613
82,37,1.1264628192771085
82,38,1.1420973493975903
82,39,1.1577318795180722
82,40,1.1733664096385543
82,41,1.189000939759036
82,42,1.204635469879518
82,43,1.22027
83,5,0.29503868545994066
83,6,0.34378689910979227
83,7,0.39253511275964387
83,8,0.4412833264094955
83,9,0.49003154005934707
83,10,0.5387797537091988
83,11,0.5875279673590502
83,12,0.6310276550976139
83,13,0.6503841236442516
83,14,0.6697405921908894
83,15,0.6890970607375271
83,16,0.7084535292841649
83,17,0.7278099978308026
83,18,0.7471664663774403
83,19,0.766522934924078
83,20,0.7858794034707158
83,21,0.8052358720173536
83,22,0.8245923405639914
83,23,0.8439488091106291
83,24,0.8633052776572667
83,25,0.8826617462039046
83,26,0.9020182147505422
83,27,0.92137468329718
83,28,0.9407311518438178
83,29,0.9600876203904556
83,30,0.9794440889370932
83,31,0.998800557483731
83,32,1.018157026030369
83,33,1.0375134945770066
83,34,1.0568699631236442
83,35,1.076226431670282
83,36,1.0951534457831325
83,37,1.1107879759036143
83,38,1.1264225060240964
83,39,1.1420570361445783
83,40,1.1576915662650602
83,41,1.173326096385542
83,42,1.1889606265060242
83,43,1.2045951566265058
84,5,0.2663381424332344
84,6,0.315086356083086
84,7,0.36383456973293765
84,8,0.41258278338278925
84,9,0.4613309970326409
84,10,0.5100792106824925
84,11,0.5588274243323442
84,12,0.6075756379821958
84,13,0.6374291583514099
84,14,0.6567856268980478
84,15,0.6761420954446855
84,16,0.6954985639913231
84,17,0.714855032537961
84,18,0.7342115010845987
84,19,0.7535679696312363
84,20,0.7729244381778742
84,21,0.7922809067245119
84,22,0.8116373752711497
84,23,0.8309938438177874
84,24,0.850350312364425
84,25,0.8697067809110628
84,26,0.8890632494577007
84,27,0.9084197180043384
84,28,0.9277761865509762
84,29,0.9471326550976139
84,30,0.9664891236442515
84,31,0.9858455921908893
84,32,1.005202060737527
84,33,1.0245585292841648
84,34,1.0439149978308027
84,35,1.0632714663774405
84,36,1.0794786024096386
84,37,1.0951131325301204
84,38,1.1107476626506023
84,39,1.1263821927710844
84,40,1.1420167228915663
84,41,1.1576512530120482
84,42,1.17328578313253
84,43,1.188920313253012
85,5,0.2376375994065282
85,6,0.2863858130563798
85,7,0.33513402670623144
85,8,0.38388224035608304
85,9,0.4326304540059347
85,10,0.48137866765578635
85,11,0.530126881305638
85,12,0.5788750949554896
85,13,0.6244741930585683
85,14,0.6438306616052061
85,15,0.6631871301518438
85,16,0.6825435986984816
85,17,0.7019000672451192
85,18,0.7212565357917571
85,19,0.7406130043383947
85,20,0.7599694728850326
85,21,0.7793259414316703
85,22,0.7986824099783081
85,23,0.8180388785249457
85,24,0.8373953470715834
85,25,0.8567518156182211
85,26,0.876108284164859
85,27,0.8954647527114967
85,28,0.9148212212581346
85,29,0.9341776898047722
85,30,0.9535341583514099
85,31,0.9728906268980477
85,32,0.9922470954446854
85,33,1.0116035639913232
85,34,1.0309600325379609
85,35,1.0481692289156626
85,36,1.0638037590361447
85,37,1.0794382891566265
85,38,1.0950728192771084
85,39,1.1107073493975903
85,40,1.1263418795180722
85,41,1.1419764096385543
85,42,1.157610939759036
85,43,1.1732454698795178
85,44,1.18888
86,4,0.16018884272997033
86,5,0.20893705637982193
86,6,0.25768527002967356
86,7,0.3064334836795251
86,8,0.35518169732937677
86,9,0.4039299109792284
86,10,0.4526781246290801
86,11,0.5014263382789317
86,12,0.5501745519287833
86,13,0.598922765578635
86,14,0.6308756963123645
86,15,0.6502321648590021
86,16,0.6695886334056399
86,17,0.6889451019522776
86,18,0.7083015704989154
86,19,0.7276580390455532
86,20,0.747014507592191
86,21,0.7663709761388287
86,22,0.7857274446854664
86,23,0.805083913232104
86,24,0.8244403817787418
86,25,0.8437968503253795
86,26,0.8631533188720174
86,27,0.882509787418655
86,28,0.9018662559652928
86,29,0.9212227245119305
86,30,0.9405791930585683
86,31,0.959935661605206
86,32,0.9792921301518439
86,33,0.9986485986984815
86,34,1.0168598554216868
86,35,1.0324943855421687
86,36,1.0481289156626505
86,37,1.0637634457831324
86,38,1.0793979759036145
86,39,1.0950325060240964
86,40,1.1106670361445783
86,41,1.1263015662650604
86,42,1.1419360963855423
86,43,1.157570626506024
86,44,1.1732051566265058
87,4,0.1314882997032641
87,5,0.18023651335311572
87,6,0.22898472700296735
87,7,0.277732940652819
87,8,0.32648115430267066
87,9,0.3752293679525222
87,10,0.42397758160237387
87,11,0.4727257952522255
87,12,0.5214740089020771
87,13,0.5702222225519287
87,14,0.6179207310195228
87,15,0.6372771995661606
87,16,0.6566336681127982
87,17,0.6759901366594359
87,18,0.6953466052060737
87,19,0.7147030737527115
87,20,0.7340595422993493
87,21,0.7534160108459871
87,22,0.7727724793926247
87,23,0.7921289479392624
87,24,0.8114854164859002
87,25,0.8308418850325379
87,26,0.8501983535791757
87,27,0.8695548221258134
87,28,0.8889112906724511
87,29,0.908267759219089
87,30,0.9276242277657265
87,31,0.9469806963123644
87,32,0.9663371648590022
87,33,0.9855504819277109
87,34,1.0011850120481929
87,35,1.0168195421686748
87,36,1.0324540722891566
87,37,1.0480886024096385
87,38,1.0637231325301204
87,39,1.0793576626506023
87,40,1.0949921927710844
87,41,1.110626722891566
87,42,1.1262612530120482
87,43,1.14189578313253
87,44,1.157530313253012
88,4,0.10278775667655786
88,5,0.1515359703264095
88,6,0.2002841839762611
88,7,0.24903239762611276
88,8,0.29778061127596434
88,9,0.34652882492581605
88,10,0.3952770385756676
88,11,0.4440252522255192
88,12,0.4927734658753709
88,13,0.5415216795252225
88,14,0.5902698931750742
88,15,0.6243222342733188
88,16,0.6436787028199566
88,17,0.6630351713665943
88,18,0.6823916399132322
88,19,0.7017481084598698
88,20,0.7211045770065077
88,21,0.7404610455531454
88,22,0.7598175140997832
88,23,0.7791739826464208
88,24,0.7985304511930584
88,25,0.8178869197396963
88,26,0.837243388286334
88,27,0.8565998568329717
88,28,0.8759563253796097
88,29,0.8953127939262473
88,30,0.9146692624728849
88,31,0.9340257310195227
88,32,0.9533821995661607
88,33,0.9698756385542169
88,34,0.9855101686746988
88,35,1.0011446987951809
88,36,1.0167792289156625
88,37,1.0324137590361446
88,38,1.0480482891566265
88,39,1.0636828192771084
88,40,1.0793173493975905
88,41,1.0949518795180722
88,42,1.110586409638554
88,43,1.126220939759036
88,44,1.141855469879518
88,45,1.15749
89,3,0.025339
89,4,0.07408721364985163
89,5,0.12283542729970326
89,6,0.1715836409495549
89,7,0.22033185459940652
89,8,0.2690800682492581
89,9,0.3178282818991098
89,10,0.36657649554896143
89,11,0.41532470919881304
89,12,0.4640729228486646
89,13,0.5128211364985162
89,14,0.5615693501483678
89,15,0.6103175637982196
89,16,0.6307237375271149
89,17,0.6500802060737527
89,18,0.6694366746203905
89,19,0.6887931431670282
89,20,0.7081496117136659
89,21,0.7275060802603036
89,22,0.7468625488069415
89,23,0.7662190173535791
89,24,0.7855754859002169
89,25,0.8049319544468545
89,26,0.8242884229934925
89,27,0.8436448915401301
89,28,0.8630013600867679
89,29,0.8823578286334057
89,30,0.9017142971800433
89,31,0.9210707657266811
89,32,0.9385662650602411
89,33,0.9542007951807229
89,34,0.9698353253012049
89,35,0.9854698554216867
89,36,1.0011043855421686
89,37,1.0167389156626505
89,38,1.0323734457831324
89,39,1.0480079759036145
89,40,1.0636425060240964
89,41,1.0792770361445783
89,42,1.0949115662650601
89,43,1.110546096385542
89,44,1.1030014930599368
90,5,0.09413488427299702
90,6,0.14288309792284865
90,7,0.19163131157270025
90,8,0.2403795252225519
90,9,0.28912773887240356
90,10,0.33787595252225516
90,11,0.3866241661721068
90,12,0.4353723798219584
90,13,0.48412059347181
90,14,0.5328688071216617
90,15,0.5816170207715132
90,16,0.6177687722342733
90,17,0.6371252407809109
90,18,0.6564817093275488
90,19,0.6758381778741865
90,20,0.6951946464208243
90,21,0.7145511149674619
90,22,0.7339075835140998
90,23,0.7532640520607374
90,24,0.7726205206073752
90,25,0.791976989154013
90,26,0.8113334577006508
90,27,0.8306899262472884
90,28,0.8500463947939263
90,29,0.869402863340564
90,30,0.8887593318872018
90,31,0.907256891566265
90,32,0.9228914216867471
90,33,0.938525951807229
90,34,0.9541604819277107
90,35,0.9697950120481929
90,36,0.9854295421686746
90,37,1.0010640722891564
90,38,1.0166986024096385
90,39,1.0323331325301204
90,40,1.0479676626506023
90,41,1.0636021927710841
90,42,1.0689348858044163
90,43,1.0485129861198739
90,44,1.0280910864353312
91,6,0.11418255489614243
91,7,0.16293076854599403
91,8,0.2116789821958457
91,9,0.2604271958456973
91,10,0.30917540949554895
91,11,0.3579236231454005
91,12,0.40667183679525215
91,13,0.4554200504451038
91,14,0.5041682640949554
91,15,0.5529164777448071
91,16,0.6016646913946586
91,17,0.6241702754880694
91,18,0.6435267440347072
91,19,0.6628832125813449
91,20,0.6822396811279826
91,21,0.7015961496746205
91,22,0.7209526182212581
91,23,0.7403090867678958
91,24,0.7596655553145335
91,25,0.7790220238611714
91,26,0.7983784924078091
91,27,0.8177349609544468
91,28,0.8370914295010846
91,29,0.8564478980477224
91,30,0.87580436659436
91,31,0.8915820481927711
91,32,0.907216578313253
91,33,0.922851108433735
91,34,0.9384856385542167
91,35,0.9541201686746987
91,36,0.9697546987951807
91,37,0.9853892289156625
91,38,1.0010237590361446
91,39,1.0166582891566265
91,40,1.0322928192771084
91,41,1.0144463788643532
91,42,0.9940244791798106
91,43,0.9736025794952681
91,44,0.9531806798107254
92,7,0.07528442857142982
92,8,0.18297843916913945
92,9,0.2317266528189911
92,10,0.28047486646884273
92,11,0.32922308011869433
92,12,0.377971293768546
92,13,0.4267195074183976
92,14,0.4754677210682492
92,15,0.5242159347181009
92,16,0.5729641483679525
92,17,0.6112153101952278
92,18,0.6305717787418654
92,19,0.6499282472885033
92,20,0.6692847158351409
92,21,0.6886411843817788
92,22,0.7079976529284164
92,23,0.7273541214750542
92,24,0.7467105900216919
92,25,0.7660670585683298
92,26,0.7854235271149674
92,27,0.8047799956616052
92,28,0.824136464208243
92,29,0.8434929327548807
92,30,0.8602726746987952
92,31,0.8759072048192771
92,32,0.891541734939759
92,33,0.907176265060241
92,34,0.9228107951807227
92,35,0.9384453253012048
92,36,0.9540798554216867
92,37,0.9697143855421685
92,38,0.9853489156626506
92,39,0.9803797716088328
92,40,0.9599578719242902
92,41,0.9395359722397476
92,42,0.9191140725552052
92,43,0.8986921728706624
92,44,0.8782702731861199
93,9,0.20302610979228486
93,10,0.25177432344213646
93,11,0.30052253709198806
93,12,0.3492707507418397
93,13,0.3980189643916914
93,14,0.446767178041543
93,15,0.4955153916913946
93,16,0.5442636053412463
93,17,0.5930118189910979
93,18,0.6176168134490239
93,19,0.6369732819956615
93,20,0.6563297505422994
93,21,0.675686219088937
93,22,0.6950426876355749
93,23,0.7143991561822125
93,24,0.7337556247288503
93,25,0.753112093275488
93,26,0.7724685618221258
93,27,0.7918250303687635
93,28,0.8111814989154013
93,29,0.8289633012048193
93,30,0.8445978313253012
93,31,0.8602323614457831
93,32,0.8758668915662651
93,33,0.891501421686747
93,34,0.9071359518072288
93,35,0.9227704819277108
93,36,0.9384050120481926
93,37,0.9463131643533123
93,38,0.9258912646687696
93,39,0.9054693649842271
93,40,0.8850474652996844
93,41,0.8646255656151419
93,42,0.8442036659305995
93,43,0.8237817662460567
93,44,0.8033598665615143
94,10,0.17591714285714377
94,11,0.2718219940652819
94,12,0.3205702077151335
94,13,0.3693184213649851
94,14,0.4180666350148368
94,15,0.4668148486646885
94,16,0.51556306231454
94,17,0.5643112759643917
94,18,0.6046618481561822
94,19,0.6240183167028199
94,20,0.6433747852494577
94,21,0.6627312537960954
94,22,0.6820877223427332
94,23,0.7014441908893709
94,24,0.7208006594360086
94,25,0.7401571279826463
94,26,0.7595135965292842
94,27,0.7788700650759218
94,28,0.7976539277108434
94,29,0.8132884578313253
94,30,0.8289229879518073
94,31,0.8445575180722891
94,32,0.860192048192771
94,33,0.8758265783132531
94,34,0.8914611084337348
94,35,0.9070956385542166
94,36,0.8918246574132491
94,37,0.8714027577287066
94,38,0.8509808580441639
94,39,0.8305589583596215
94,40,0.8101370586750787
94,41,0.7897151589905363
94,42,0.7692932593059937
94,43,0.7488713596214511
94,44,0.7284494599369085
95,11,0.12522985714285778
95,12,0.2918696646884273
95,13,0.3406178783382789
95,14,0.3893660919881305
95,15,0.4381143056379822
95,16,0.48686251928783386
95,17,0.5356107329376855
95,18,0.5843589465875371
95,19,0.6110633514099783
95,20,0.630419819956616
95,21,0.6497762885032539
95,22,0.6691327570498915
95,23,0.6884892255965293
95,24,0.7078456941431669
95,25,0.7272021626898046
95,26,0.7465586312364425
95,27,0.7659150997830801
95,28,0.7819790843373494
95,29,0.7976136144578313
95,30,0.8132481445783132
95,31,0.8288826746987952
95,32,0.8445172048192771
95,33,0.8601517349397589
95,34,0.8577580501577287
95,35,0.8373361504731861
95,36,0.8169142507886434
95,37,0.7964923511041009
95,38,0.7760704514195584
95,39,0.7556485517350157
95,40,0.7352266520504732
95,41,0.7148047523659307
95,42,0.694382852681388
95,43,0.6739609529968454
95,44,0.6535390533123028
96,13,0.27654985714285796
96,14,0.36066554896142433
96,15,0.40941376261127593
96,16,0.4581619762611276
96,17,0.5069101899109791
96,18,0.5556584035608307
96,19,0.5981083861171366
96,20,0.6174648546637743
96,21,0.6368213232104122
96,22,0.6561777917570498
96,23,0.6755342603036876
96,24,0.6948907288503252
96,25,0.7142471973969632
96,26,0.7336036659436008
96,27,0.7506697108433735
96,28,0.7663042409638554
96,29,0.7819387710843373
96,30,0.7975733012048192
96,31,0.8132078313253013
96,32,0.8236914429022082
96,33,0.8032695432176656
96,34,0.7828476435331231
96,35,0.7624257438485804
96,36,0.7420038441640379
96,37,0.7215819444794953
96,38,0.7011600447949526
96,39,0.6807381451104101
96,40,0.6603162454258675
96,41,0.6398943457413249
96,42,0.6194724460567823
96,43,0.5990505463722399
96,44,0.6625258764705882
97,14,0.2258625714285724
97,15,0.3807132195845697
97,16,0.4294614332344213
97,17,0.4782096468842729
97,18,0.5269578605341246
97,19,0.5757060741839761
97,20,0.6045098893709328
97,21,0.6238663579175705
97,22,0.6432228264642081
97,23,0.662579295010846
97,24,0.6819357635574836
97,25,0.7012922321041215
97,26,0.7193603373493975
97,27,0.7349948674698794
97,28,0.7506293975903614
97,29,0.7662639277108434
97,30,0.7818984578313253
97,31,0.7692029359621451
97,32,0.7487810362776025
97,33,0.72835913659306
97,34,0.7079372369085173
97,35,0.6875153372239748
97,36,0.6670934375394322
97,37,0.6466715378548896
97,38,0.6262496381703471
97,39,0.6058277384858044
97,40,0.5854058388012618
97,41,0.5649839391167192
97,42,0.5445620394321767
97,43,0.5241401397476342
97,44,0.7554099294117648
98,15,0.17517528571428617
98,16,0.37718257142857187
98,17,0.44950910385756676
98,18,0.49825731750741836
98,19,0.54700553115727
98,20,0.5915549240780911
98,21,0.6109113926247288
98,22,0.6302678611713666
98,23,0.6496243297180043
98,24,0.6689807982646421
98,25,0.6880509638554216
98,26,0.7036854939759036
98,27,0.7193200240963856
98,28,0.7349545542168674
98,29,0.7351363287066246
98,30,0.7147144290220822
98,31,0.6942925293375395
98,32,0.6738706296529968
98,33,0.6534487299684544
98,34,0.6330268302839117
98,35,0.612604930599369
98,36,0.5921830309148266
98,37,0.5717611312302839
98,38,0.5513392315457413
98,39,0.5309173318611988
98,40,0.5104954321766562
98,41,0.4900735324921136
98,42,0.4696516328075711
98,43,0.4492297331230284
98,44,0.8482939823529413
99,16,0.12448800000000018
99,17,0.3264952857142866
99,18,0.46955677448071215
99,19,0.5183049881305638
99,20,0.5670532017804154
99,21,0.5979564273318871
99,22,0.6173128958785249
99,23,0.6366693644251626
99,24,0.6560258329718004
99,25,0.6723761204819276
99,26,0.6880106506024095
99,27,0.7010697214511041
99,28,0.6806478217665615
99,29,0.660225922082019
99,30,0.6398040223974765
99,31,0.6193821227129337
99,32,0.5989602230283911
99,33,0.5785383233438486
99,34,0.558116423659306
99,35,0.5376945239747635
99,36,0.5172726242902209
99,37,0.49685072460567825
99,38,0.4764288249211357
99,39,0.45600692523659314
99,40,0.43558502555205036
99,41,0.4151631258675079
99,42,0.3947412261829654
99,43,0.3743193264984228
100,18,0.2758080000000008
100,19,0.47781528571428644
100,20,0.5383526587537091
100,21,0.5850014620390456
100,22,0.6043579305856832
100,23,0.6237143991323211
100,24,0.6410667469879517
100,25,0.6567012771084337
100,26,0.6465812145110411
100,27,0.6261593148264986
100,28,0.6057374151419558
100,29,0.5853155154574133
100,30,0.5648936157728708
100,31,0.5444717160883281
100,32,0.5240498164037855
100,33,0.5036279167192429
100,34,0.48320601703470034
100,35,0.4627841173501578
100,36,0.44236221766561523
100,37,0.4219403179810727
100,38,0.40151841829653007
100,39,0.38109651861198746
100,40,0.3606746189274448
100,41,0.34025271924290235
100,42,0.31983081955835974
100,43,0.2994089198738171
101,19,0.22512071428571456
101,20,0.4271280000000005
101,21,0.5584003293768546
101,22,0.5914029652928415
101,23,0.6097573734939759
101,24,0.6125146072555205
101,25,0.5920927075709781
101,26,0.5716708078864355
101,27,0.5512489082018929
101,28,0.5308270085173502
101,29,0.5104051088328077
101,30,0.4899832091482652
101,31,0.4695613094637225
101,32,0.4491394097791798
101,33,0.42871751009463727
101,34,0.4082956104100946
101,35,0.3878737107255522
101,36,0.36745181104100944
101,37,0.34702991135646694
101,38,0.3266080116719245
101,39,0.3061861119873817
101,40,0.2857642123028391
101,41,0.26534231261829666
101,42,0.24492041293375416
101,43,0.2244985132492114
102,20,0.1744334285714293
102,21,0.37644071428571496
102,22,0.5784480000000012
102,23,0.5580261003154575
102,24,0.537604200630915
102,25,0.5171823009463723
102,26,0.4967604012618298
102,27,0.47633850157728724
102,28,0.45591660189274447
102,29,0.435494702208202
102,30,0.41507280252365947
102,31,0.3946509028391168
102,32,0.3742290031545742
102,33,0.35380710347003164
102,34,0.3333852037854891
102,35,0.31296330410094647
102,36,0.29254140441640386
102,37,0.27211950473186136
102,38,0.25169760504731875
102,39,0.23127570536277614
102,40,0.21085380567823353
102,41,0.19043190599369092
102,42,0.17001000630914842
102,43,0.1495881066246058
103,22,0.3257534285714292
103,23,0.5277607142857151
103,24,0.5431056789317508
103,25,0.5184515747774481
103,26,0.4937974706231454
103,27,0.46914336646884275
103,28,0.44448926231454006
103,29,0.41983515816023736
103,30,0.39518105400593473
103,31,0.37052694985163204
103,32,0.34587284569732935
103,33,0.3212187415430267
103,34,0.296564637388724
103,35,0.2719105332344214
103,36,0.24725642908011872
103,37,0.222602324925816
103,38,0.19794822077151333
103,39,0.1732941166172107
103,40,0.14864001246290803
103,41,0.12398590830860533
103,42,0.09933180415430268
103,43,0.07467770000000001
104,23,0.2750661428571432
104,24,0.47707342857142887
104,25,0.5324174620178042
104,26,0.5077633578635015
104,27,0.4831092537091988
104,28,0.45845514955489614
104,29,0.43380104540059344
104,30,0.4091469412462908
104,31,0.3844928370919881
104,32,0.3598387329376854
104,33,0.3351846287833828
104,34,0.3105305246290801
104,35,0.2858764204747775
104,36,0.26122231632047477
104,37,0.2365682121661721
104,38,0.21191410801186944
104,39,0.18726000385756678
104,40,0.1626058997032641
104,41,0.13795179554896142
104,42,0.11329769139465878
104,43,0.16756175294117645
105,24,0.22437885714285769
105,25,0.42638614285714366
105,26,0.5217292451038575
105,27,0.4970751409495549
105,28,0.4724210367952522
105,29,0.4477669326409496
105,30,0.4231128284866469
105,31,0.3984587243323442
105,32,0.37380462017804156
105,33,0.3491505160237388
105,34,0.32449641186943623
105,35,0.29984230771513354
105,36,0.2751882035608309
105,37,0.2505340994065282
105,38,0.22587999525222552
105,39,0.20122589109792288
105,40,0.1765717869436202
105,41,0.1519176827893175
105,42,0.12726357863501486
105,43,0.260445805882353
106,26,0.3756988571428576
106,27,0.511041028189911
106,28,0.48638692403560835
106,29,0.4617328198813056
106,30,0.43707871572700296
106,31,0.4124246115727003
106,32,0.3877705074183976
106,33,0.3631164032640949
106,34,0.3384622991097923
106,35,0.3138081949554896
106,36,0.2891540908011869
106,37,0.26449998664688423
106,38,0.2398458824925816
106,39,0.21519177833827893
106,40,0.19053767418397627
106,41,0.16588357002967358
106,42,0.1412294658753709
106,43,0.3533298588235294
107,27,0.3250115714285716
107,28,0.5003528112759644
107,29,0.47569870712166173
107,30,0.4510446029673591
107,31,0.42639049881305635
107,32,0.4017363946587537
107,33,0.3770822905044511
107,34,0.35242818635014833
107,35,0.3277740821958457
107,36,0.303119978041543
107,37,0.2784658738872403
107,38,0.2538117697329377
107,39,0.22915766557863504
107,40,0.20450356142433238
107,41,0.17984945727002968
107,42,0.15519535311572702
107,43,0.44621391176470593
108,28,0.27432428571428624
108,29,0.47633157142857196
108,30,0.4650104902077151
108,31,0.44035638605341243
108,32,0.4157022818991098
108,33,0.39104817774480716
108,34,0.36639407359050447
108,35,0.3417399694362018
108,36,0.3170858652818991
108,37,0.29243176112759645
108,38,0.26777765697329375
108,39,0.24312355281899112
108,40,0.21846944866468845
108,41,0.19381534451038576
108,42,0.16916124035608313
108,43,0.5390979647058824
109,29,0.2236370000000001
109,30,0.42564428571428614
109,31,0.45432227329376856
109,32,0.42966816913946587
109,33,0.40501406498516324
109,34,0.3803599608308606
109,35,0.35570585667655785
109,36,0.33105175252225516
109,37,0.3063976483679526
109,38,0.28174354421364983
109,39,0.2570894400593472
109,40,0.23243533590504453
109,41,0.20778123175074184
109,42,0.18312712759643918
110,31,0.3749570000000002
110,32,0.4436340563798219
110,33,0.4189799522255193
110,34,0.3943258480712166
110,35,0.36967174391691393
110,36,0.34501763976261124
110,37,0.3203635356083086
110,38,0.29570943145400597
110,39,0.2710553272997033
110,40,0.24640122314540058
110,41,0.22174711899109792
110,42,0.19709301483679526
111,32,0.3242697142857146
111,33,0.4329458394658754
111,34,0.4082917353115727
111,35,0.38363763115727006
111,36,0.3589835270029674
111,37,0.3343294228486647
111,38,0.30967531869436205
111,39,0.28502121454005935
111,40,0.26036711038575666
111,41,0.23571300623145403
111,42,0.2110589020771514
112,33,0.27358242857142884
112,34,0.4222576225519288
112,35,0.3976035183976261
112,36,0.3729494142433235
112,37,0.3482953100890208
112,38,0.3236412059347181
112,39,0.2989871017804155
112,40,0.27433299762611274
112,41,0.2496788934718101
112,42,0.22502478931750747
113,35,0.41156940563798217
113,36,0.3869153014836796
113,37,0.3622611973293769
113,38,0.3376070931750742
113,39,0.3129529890207715
113,40,0.2882988848664689
113,41,0.2636447807121662
113,42,0.23899067655786352
114,36,0.3742151428571431
114,37,0.376227084569733
114,38,0.3515729804154303
114,39,0.3269188762611276
114,40,0.3022647721068249
114,41,0.27761066795252226
114,42,0.2529565637982196
115,37,0.3235278571428573
115,38,0.36553886765578636
115,39,0.34088476350148367
115,40,0.316230659347181
115,41,0.2915765551928784
115,42,0.2669224510385757
116,39,0.35485065074183975
116,40,0.33019654658753705
116,41,0.3055424424332345
116,42,0.2808883382789318
117,40,0.3441624338278932
117,41,0.3195083296735905
117,42,0.29485422551928786
118,41,0.33347421691394663
118,42,0.30882011275964394
119,42,0.322786
