x,y,reading
62,21,0.79008
63,20,0.7334169642857145
63,21,0.73543375
63,22,0.7374505357142856
63,23,0.7394673214285714
63,24,0.7414841071428572
64,19,0.6767539285714286
64,20,0.6787707142857143
64,21,0.6807875
64,22,0.6828042857142856
64,23,0.6848210714285714
64,24,0.6868378571428572
64,25,0.6888546428571428
64,26,0.6908714285714286
64,27,0.6928882142857142
64,28,0.694905
65,18,0.6200908928571428
65,19,0.6221076785714286
65,20,0.6241244642857144
65,21,0.62614125
65,22,0.6281580357142856
65,23,0.6301748214285714
65,24,0.6321916071428572
65,25,0.6342083928571428
65,26,0.6362251785714286
65,27,0.6382419642857142
65,28,0.64025875
65,29,0.6422755357142856
65,30,0.6442923214285714
65,31,0.6463091071428572
66,17,0.5634278571428571
66,18,0.5654446428571428
66,19,0.5674614285714286
66,20,0.5694782142857143
66,21,0.571495
66,22,0.5735117857142856
66,23,0.5755285714285714
66,24,0.5775453571428572
66,25,0.5795621428571428
66,26,0.5815789285714286
66,27,0.5835957142857143
66,28,0.5856125
66,29,0.5876292857142856
66,30,0.5896460714285714
66,31,0.591662857142857
66,32,0.5936796428571427
66,33,0.5956964285714285
66,34,0.5977132142857141
66,35,0.59973
67,16,0.5067648214285714
67,17,0.5087816071428571
67,18,0.5107983928571428
67,19,0.5128151785714286
67,20,0.5148319642857143
67,21,0.51684875
67,22,0.5188655357142856
67,23,0.5208823214285714
67,24,0.5228991071428571
67,25,0.5249158928571428
67,26,0.5269326785714286
67,27,0.5289494642857143
67,28,0.53096625
67,29,0.5329830357142857
67,30,0.5349998214285714
67,31,0.5370166071428571
67,32,0.5465209999999999
67,33,0.563513
67,34,0.5805049999999999
67,35,0.597497
68,14,0.448085
68,15,0.45010178571428566
68,16,0.45211857142857137
68,17,0.45413535714285713
68,18,0.4561521428571428
68,19,0.4581689285714286
68,20,0.4601857142857143
68,21,0.46220249999999996
68,22,0.4642192857142856
68,23,0.4662360714285714
68,24,0.4682528571428572
68,25,0.47026964285714284
68,26,0.47228642857142855
68,27,0.4743032142857143
68,28,0.47631999999999997
68,29,0.49331200000000003
68,30,0.510304
68,31,0.5272960000000001
68,32,0.544288
68,33,0.56128
68,34,0.578272
68,35,0.595264
68,36,0.612256
69,13,0.39142196428571435
69,14,0.39343875
69,15,0.39545553571428577
69,16,0.3974723214285714
69,17,0.3994891071428572
69,18,0.4015058928571428
69,19,0.4035226785714286
69,20,0.4055394642857143
69,21,0.40755625
69,22,0.40957303571428566
69,23,0.4115898214285714
69,24,0.4136066071428572
69,25,0.4231109999999999
69,26,0.440103
69,27,0.4570949999999999
69,28,0.47408700000000004
69,29,0.491079
69,30,0.508071
69,31,0.5250630000000001
69,32,0.542055
69,33,0.559047
69,34,0.5760390000000001
69,35,0.593031
69,36,0.610023
70,12,0.33475892857142864
70,13,0.33677571428571434
70,14,0.3387925
70,15,0.34080928571428576
70,16,0.3428260714285714
70,17,0.3448428571428572
70,18,0.3468596428571428
70,19,0.34887642857142853
70,20,0.35089321428571424
70,21,0.35291
70,22,0.36990199999999995
70,23,0.38689399999999996
70,24,0.403886
70,25,0.4208779999999999
70,26,0.43787
70,27,0.454862
70,28,0.471854
70,29,0.488846
70,30,0.505838
70,31,0.5228300000000001
70,32,0.5398219999999999
70,33,0.5568139999999999
70,34,0.573806
70,35,0.5907979999999999
70,36,0.6077899999999999
70,37,0.6247820000000001
71,11,0.27809589285714287
71,12,0.28011267857142863
71,13,0.28212946428571434
71,14,0.28414625
71,15,0.28616303571428575
71,16,0.2881798214285714
71,17,0.29019660714285717
71,18,0.299701
71,19,0.31669300000000006
71,20,0.333685
71,21,0.35067699999999996
71,22,0.367669
71,23,0.384661
71,24,0.401653
71,25,0.418645
71,26,0.43563699999999994
71,27,0.45262900000000006
71,28,0.469621
71,29,0.48661299999999996
71,30,0.5036050000000001
71,31,0.520597
71,32,0.537589
71,33,0.554581
71,34,0.571573
71,35,0.588565
71,36,0.605557
71,37,0.622549
71,38,0.6395409999999999
72,10,0.22143285714285718
72,11,0.22344964285714286
72,12,0.22546642857142857
72,13,0.22748321428571433
72,14,0.22949999999999998
72,15,0.246492
72,16,0.26348399999999994
72,17,0.280476
72,18,0.297468
72,19,0.3144600000000001
72,20,0.33145199999999997
72,21,0.348444
72,22,0.365436
72,23,0.382428
72,24,0.39942
72,25,0.416412
72,26,0.433404
72,27,0.4503959999999999
72,28,0.4673879999999999
72,29,0.48438
72,30,0.5013719999999999
72,31,0.5183639999999999
72,32,0.5353559999999999
72,33,0.5523480000000001
72,34,0.56934
72,35,0.586332
72,36,0.603324
72,37,0.6203159999999999
72,38,0.637308
73,9,0.16476982142857144
73,10,0.16678660714285717
73,11,0.176291
73,12,0.19328299999999998
73,13,0.21027500000000002
73,14,0.227267
73,15,0.244259
73,16,0.261251
73,17,0.27824299999999996
73,18,0.295235
73,19,0.312227
73,20,0.32921900000000004
73,21,0.346211
73,22,0.36320299999999994
73,23,0.38019499999999995
73,24,0.39718699999999996
73,25,0.41417899999999996
73,26,0.43117099999999997
73,27,0.448163
73,28,0.465155
73,29,0.482147
73,30,0.499139
73,31,0.516131
73,32,0.533123
73,33,0.550115
73,34,0.567107
73,35,0.584099
73,36,0.601091
73,37,0.6180829999999999
73,38,0.6350750000000001
73,39,0.6520670000000001
74,7,0.10609
74,8,0.123082
74,9,0.140074
74,10,0.15706599999999998
74,11,0.174058
74,12,0.19105
74,13,0.208042
74,14,0.225034
74,15,0.24202600000000002
74,16,0.259018
74,17,0.27601
74,18,0.293002
74,19,0.309994
74,20,0.326986
74,21,0.343978
74,22,0.36097
74,23,0.377962
74,24,0.39495399999999997
74,25,0.41194600000000003
74,26,0.428938
74,27,0.44592999999999994
74,28,0.46292200000000006
74,29,0.479914
74,30,0.496906
74,31,0.5138980000000001
74,32,0.5308899999999999
74,33,0.547882
74,34,0.564874
74,35,0.581866
74,36,0.598858
74,37,0.61585
74,38,0.6328419999999999
74,39,0.649834
75,7,0.119222762611276
75,8,0.12432294360086768
75,9,0.14109782212581345
75,10,0.1578727006507592
75,11,0.17464757917570495
75,12,0.19142245770065075
75,13,0.20819733622559652
75,14,0.2249722147505423
75,15,0.2417470932754881
75,16,0.2585219718004338
75,17,0.2752968503253796
75,18,0.2920717288503254
75,19,0.30884660737527114
75,20,0.3256214859002169
75,21,0.34239636442516264
75,22,0.35917124295010844
75,23,0.37594612147505424
75,24,0.39272099999999993
75,25,0.40971299999999994
75,26,0.426705
75,27,0.44369699999999995
75,28,0.46068899999999996
75,29,0.477681
75,30,0.49467300000000003
75,31,0.511665
75,32,0.5286569999999999
75,33,0.5456489999999999
75,34,0.5626410000000001
75,35,0.579633
75,36,0.5966250000000001
75,37,0.6136170000000001
75,38,0.6306089999999999
75,39,0.647601
75,40,0.6645930000000001
76,7,0.13235552522255192
76,8,0.1273376350148368
76,9,0.14255588720173537
76,10,0.15933076572668115
76,11,0.17610564425162692
76,12,0.19288052277657267
76,13,0.20965540130151844
76,14,0.2264302798264642
76,15,0.24320515835140996
76,16,0.25998003687635574
76,17,0.27675491540130154
76,18,0.29352979392624734
76,19,0.31030467245119303
76,20,0.32707955097613883
76,21,0.34385442950108464
76,22,0.3606293080260303
76,23,0.3774041865509762
76,24,0.3941790650759219
76,25,0.4109539436008676
76,26,0.4277288221258134
76,27,0.44450370065075917
76,28,0.4612785791757049
76,29,0.4780534577006508
76,30,0.49482833622559647
76,31,0.5116032147505423
76,32,0.528378093275488
76,33,0.5451529718004338
76,34,0.5619278503253795
76,35,0.5787027288503253
76,36,0.595477607375271
76,37,0.6122524859002169
76,38,0.6290273644251627
76,39,0.6458022429501085
76,40,0.6625771214750542
76,41,0.679352
77,7,0.14548828783382792
77,8,0.14047039762611277
77,9,0.1440139522776573
77,10,0.16078883080260303
77,11,0.1775637093275488
77,12,0.19433858785249458
77,13,0.21111346637744036
77,14,0.22788834490238613
77,15,0.24466322342733188
77,16,0.2614381019522776
77,17,0.2782129804772234
77,18,0.29498785900216923
77,19,0.3117627375271149
77,20,0.32853761605206067
77,21,0.3453124945770065
77,22,0.36208737310195227
77,23,0.378862251626898
77,24,0.39563713015184376
77,25,0.4124120086767895
77,26,0.4291868872017353
77,27,0.44596176572668106
77,28,0.46273664425162686
77,29,0.47951152277657266
77,30,0.49628640130151835
77,31,0.5130612798264641
77,32,0.52983615835141
77,33,0.5466110368763557
77,34,0.5633859154013015
77,35,0.5801607939262472
77,36,0.596935672451193
77,37,0.6137105509761387
77,38,0.6304854295010845
77,39,0.6472603080260303
77,40,0.664035186550976
77,41,0.7592572710843373
78,6,0.16363894065281903
78,7,0.15862105044510388
78,8,0.15360316023738874
78,9,0.1485852700296736
78,10,0.16224689587852495
78,11,0.17902177440347072
78,12,0.1957966529284165
78,13,0.21257153145336224
78,14,0.22934640997830802
78,15,0.2461212885032538
78,16,0.2628961670281995
78,17,0.2796710455531453
78,18,0.2964459240780911
78,19,0.31322080260303686
78,20,0.3299956811279826
78,21,0.3467705596529284
78,22,0.3635454381778741
78,23,0.3803203167028199
78,24,0.39709519522776565
78,25,0.41387007375271145
78,26,0.4306449522776573
78,27,0.44741983080260306
78,28,0.4641947093275488
78,29,0.4809695878524946
78,30,0.49774446637744035
78,31,0.514519344902386
78,32,0.5312942234273319
78,33,0.5480691019522776
78,34,0.5648439804772234
78,35,0.5816188590021693
78,36,0.5983937375271149
78,37,0.6151686160520606
78,38,0.6319434945770065
78,39,0.6487183731019522
78,40,0.7150388554216868
78,41,0.8391625421686748
79,6,0.17677170326409503
79,7,0.17175381305637982
79,8,0.16673592284866473
79,9,0.16171803264094958
79,10,0.16370496095444687
79,11,0.18047983947939264
79,12,0.19725471800433841
79,13,0.21402959652928416
79,14,0.2308044750542299
79,15,0.24757935357917565
79,16,0.26435423210412146
79,17,0.2811291106290672
79,18,0.297903989154013
79,19,0.31467886767895875
79,20,0.33145374620390455
79,21,0.3482286247288503
79,22,0.36500350325379605
79,23,0.38177838177874185
79,24,0.3985532603036876
79,25,0.41532813882863334
79,26,0.43210301735357914
79,27,0.4488778958785249
79,28,0.46565277440347075
79,29,0.4824276529284165
79,30,0.4992025314533622
79,31,0.515977409978308
79,32,0.5327522885032537
79,33,0.5495271670281996
79,34,0.5663020455531455
79,35,0.5830769240780912
79,36,0.5998518026030368
79,37,0.6166266811279826
79,38,0.6334015596529283
79,39,0.670820439759036
79,40,0.7949441265060242
79,41,0.9190678132530121
79,42,1.0431915
80,6,0.1899044658753709
80,7,0.18488657566765582
80,8,0.17986868545994064
80,9,0.17485079525222552
80,10,0.16983290504451037
80,11,0.18193790455531453
80,12,0.1987127830802603
80,13,0.21548766160520608
80,14,0.23226254013015185
80,15,0.2490374186550976
80,16,0.2658122971800434
80,17,0.28258717570498915
80,18,0.29936205422993495
80,19,0.3161369327548807
80,20,0.3329118112798265
80,21,0.34968668980477224
80,22,0.366461568329718
80,23,0.38323644685466374
80,24,0.4000113253796095
80,25,0.4167862039045553
80,26,0.43356108242950103
80,27,0.45033596095444683
80,28,0.4671108394793926
80,29,0.48388571800433844
80,30,0.5006605965292841
80,31,0.5174354750542298
80,32,0.5342103535791757
80,33,0.5509852321041214
80,34,0.5677601106290673
80,35,0.584534989154013
80,36,0.6013098676789587
80,37,0.6180847462039045
80,38,0.6348596247288503
80,39,0.7507257108433735
80,40,0.8748493975903614
80,41,0.9989730843373493
80,42,1.1230967710843374
81,6,0.2030372284866469
81,7,0.19801933827893176
81,8,0.1930014480712166
81,9,0.1879835578635015
81,10,0.18296566765578637
81,11,0.18339596963123644
81,12,0.20017084815618222
81,13,0.216945726681128
81,14,0.23372060520607374
81,15,0.25049548373101954
81,16,0.2672703622559653
81,17,0.2840452407809111
81,18,0.30082011930585684
81,19,0.3175949978308026
81,20,0.33436987635574833
81,21,0.35114475488069413
81,22,0.36791963340563993
81,23,0.3846945119305857
81,24,0.4014693904555314
81,25,0.4182442689804772
81,26,0.435019147505423
81,27,0.4517940260303687
81,28,0.4685689045553145
81,29,0.48534378308026027
81,30,0.502118661605206
81,31,0.5188935401301518
81,32,0.5356684186550975
81,33,0.5524432971800433
81,34,0.569218175704989
81,35,0.5859930542299349
81,36,0.6027679327548807
81,37,0.6195428112798265
81,38,0.7065072951807229
81,39,0.8306309819277108
81,40,0.9547546686746988
81,41,1.0788783554216868
81,42,1.2030020421686747
82,5,0.22118788130563802
82,6,0.2161699910979229
82,7,0.21115210089020775
82,8,0.20613421068249257
82,9,0.20111632047477745
82,10,0.19609843026706233
82,11,0.1910805400593472
82,12,0.20162891323210413
82,13,0.21840379175704988
82,14,0.23517867028199568
82,15,0.25195354880694143
82,16,0.2687284273318872
82,17,0.285503305856833
82,18,0.3022781843817787
82,19,0.3190530629067245
82,20,0.3358279414316702
82,21,0.352602819956616
82,22,0.3693776984815619
82,23,0.3861525770065076
82,24,0.4029274555314533
82,25,0.41970233405639906
82,26,0.43647721258134486
82,27,0.45325209110629067
82,28,0.4700269696312364
82,29,0.48680184815618216
82,30,0.5035767266811279
82,31,0.5203516052060737
82,32,0.5371264837310195
82,33,0.5539013622559652
82,34,0.570676240780911
82,35,0.5874511193058568
82,36,0.6042259978308026
82,37,0.6622888795180722
82,38,0.7864125662650603
82,39,0.910536253012048
82,40,1.0346599397590361
82,41,1.158783626506024
82,42,1.282907313253012
82,43,1.407031
83,5,0.234320643916914
83,6,0.22930275370919884
83,7,0.2242848635014837
83,8,0.21926697329376854
83,9,0.21424908308605345
83,10,0.20923119287833827
83,11,0.20421330267062315
83,12,0.20308697830802605
83,13,0.2198618568329718
83,14,0.23663673535791757
83,15,0.2534116138828633
83,16,0.2701864924078091
83,17,0.2869613709327549
83,18,0.3037362494577006
83,19,0.32051112798264636
83,20,0.3372860065075922
83,21,0.35406088503253796
83,22,0.3708357635574837
83,23,0.38761064208242946
83,24,0.40438552060737526
83,25,0.42116039913232106
83,26,0.4379352776572668
83,27,0.45471015618221255
83,28,0.4714850347071584
83,29,0.48825991323210416
83,30,0.5050347917570499
83,31,0.5218096702819957
83,32,0.5385845488069414
83,33,0.5553594273318873
83,34,0.572134305856833
83,35,0.5889091843817787
83,36,0.6180704638554215
83,37,0.7421941506024096
83,38,0.8663178373493976
83,39,0.9904415240963855
83,40,1.1145652108433732
83,41,1.2386888975903616
83,42,1.3628125843373495
83,43,1.4869362710843372
84,5,0.24745340652818992
84,6,0.2424355163204748
84,7,0.23741762611275966
84,8,0.23239973590504454
84,9,0.22738184569732936
84,10,0.22236395548961427
84,11,0.21734606528189912
84,12,0.212328175074184
84,13,0.2213199219088937
84,14,0.23809480043383952
84,15,0.25486967895878526
84,16,0.271644557483731
84,17,0.2884194360086768
84,18,0.30519431453362256
84,19,0.3219691930585683
84,20,0.33874407158351405
84,21,0.35551895010845985
84,22,0.3722938286334056
84,23,0.38906870715835135
84,24,0.4058435856832971
84,25,0.4226184642082429
84,26,0.4393933427331887
84,27,0.45616822125813444
84,28,0.47294309978308025
84,29,0.48971797830802605
84,30,0.5064928568329716
84,31,0.5232677353579176
84,32,0.5400426138828633
84,33,0.5568174924078091
84,34,0.5735923709327548
84,35,0.5903672494577006
84,36,0.697975734939759
84,37,0.8220994216867469
84,38,0.9462231084337349
84,39,1.0703467951807228
84,40,1.1944704819277108
84,41,1.3185941686746987
84,42,1.4427178554216868
84,43,1.5668415421686748
85,5,0.26058616913946586
85,6,0.25556827893175077
85,7,0.2505503887240356
85,8,0.24553249851632047
85,9,0.24051460830860533
85,10,0.23549671810089023
85,11,0.23047882789317506
85,12,0.22546093768545994
85,13,0.22277798698481566
85,14,0.2395528655097614
85,15,0.2563277440347072
85,16,0.2731026225596529
85,17,0.2898775010845987
85,18,0.30665237960954445
85,19,0.32342725813449025
85,20,0.340202136659436
85,21,0.35697701518438174
85,22,0.37375189370932754
85,23,0.3905267722342733
85,24,0.40730165075921904
85,25,0.42407652928416484
85,26,0.44085140780911064
85,27,0.4576262863340564
85,28,0.47440116485900213
85,29,0.49117604338394794
85,30,0.5079509219088936
85,31,0.5247258004338394
85,32,0.5415006789587853
85,33,0.558275557483731
85,34,0.5750504360086768
85,35,0.6537573192771083
85,36,0.7778810060240963
85,37,0.9020046927710843
85,38,1.0261283795180725
85,39,1.1502520662650602
85,40,1.2743757530120483
85,41,1.398499439759036
85,42,1.5226231265060242
85,43,1.6467468132530119
85,44,1.7708705
86,4,0.278736821958457
86,5,0.2737189317507419
86,6,0.2687010415430267
86,7,0.26368315133531156
86,8,0.25866526112759647
86,9,0.2536473709198813
86,10,0.24862948071216617
86,11,0.24361159050445103
86,12,0.2385937002967359
86,13,0.23357581008902079
86,14,0.24101093058568332
86,15,0.2577858091106291
86,16,0.27456068763557484
86,17,0.2913355661605206
86,18,0.3081104446854664
86,19,0.3248853232104122
86,20,0.34166020173535794
86,21,0.3584350802603037
86,22,0.37520995878524943
86,23,0.3919848373101952
86,24,0.408759715835141
86,25,0.4255345943600867
86,26,0.4423094728850325
86,27,0.45908435140997833
86,28,0.47585922993492413
86,29,0.4926341084598699
86,30,0.5094089869848155
86,31,0.5261838655097614
86,32,0.5429587440347072
86,33,0.559733622559653
86,34,0.6095389036144577
86,35,0.7336625903614458
86,36,0.8577862771084338
86,37,0.9819099638554216
86,38,1.1060336506024098
86,39,1.2301573373493977
86,40,1.3542810240963856
86,41,1.4784047108433738
86,42,1.6025283975903617
86,43,1.7266520843373494
86,44,1.8507757710843373
87,4,0.29186958456973294
87,5,0.2868516943620178
87,6,0.2818338041543027
87,7,0.27681591394658756
87,8,0.2717980237388724
87,9,0.26678013353115726
87,10,0.2617622433234421
87,11,0.256744353115727
87,12,0.25172646290801187
87,13,0.24670857270029678
87,14,0.2424689956616052
87,15,0.259243874186551
87,16,0.27601875271149673
87,17,0.29279363123644253
87,18,0.3095685097613883
87,19,0.326343388286334
87,20,0.3431182668112798
87,21,0.35989314533622563
87,22,0.3766680238611714
87,23,0.3934429023861171
87,24,0.41021778091106287
87,25,0.42699265943600867
87,26,0.4437675379609544
87,27,0.46054241648590016
87,28,0.47731729501084597
87,29,0.4940921735357917
87,30,0.5108670520607375
87,31,0.5276419305856832
87,32,0.544416809110629
87,33,0.5653204879518071
87,34,0.6894441746987949
87,35,0.8135678614457831
87,36,0.937691548192771
87,37,1.061815234939759
87,38,1.185938921686747
87,39,1.310062608433735
87,40,1.434186295180723
87,41,1.5583099819277109
87,42,1.6824336686746988
87,43,1.8065573554216867
87,44,1.9306810421686749
88,4,0.3050023471810089
88,5,0.2999844569732938
88,6,0.29496656676557864
88,7,0.2899486765578635
88,8,0.28493078635014835
88,9,0.27991289614243325
88,10,0.27489500593471805
88,11,0.269877115727003
88,12,0.2648592255192878
88,13,0.2598413353115727
88,14,0.25482344510385757
88,15,0.26070193926247287
88,16,0.2774768177874187
88,17,0.2942516963123644
88,18,0.3110265748373102
88,19,0.32780145336225597
88,20,0.3445763318872017
88,21,0.36135121041214746
88,22,0.37812608893709326
88,23,0.39490096746203907
88,24,0.4116758459869848
88,25,0.42845072451193056
88,26,0.44522560303687636
88,27,0.4620004815618221
88,28,0.47877536008676785
88,29,0.49555023861171366
88,30,0.5123251171366594
88,31,0.5290999956616051
88,32,0.5458748741865509
88,33,0.6452257590361445
88,34,0.7693494457831327
88,35,0.8934731325301204
88,36,1.0175968192771083
88,37,1.1417205060240965
88,38,1.2658441927710844
88,39,1.389967879518072
88,40,1.5140915662650603
88,41,1.6382152530120482
88,42,1.762338939759036
88,43,1.8864626265060243
88,44,2.0105863132530124
88,45,2.13471
89,3,0.323153
89,4,0.3181351097922849
89,5,0.3131172195845698
89,6,0.3080993293768546
89,7,0.3030814391691395
89,8,0.29806354896142434
89,9,0.29304565875370925
89,10,0.28802776854599405
89,11,0.28300987833827895
89,12,0.2779919881305638
89,13,0.27297409792284866
89,14,0.26795620771513357
89,15,0.2629383175074184
89,16,0.27893488286334056
89,17,0.29570976138828636
89,18,0.31248463991323205
89,19,0.32925951843817786
89,20,0.34603439696312366
89,21,0.3628092754880694
89,22,0.37958415401301515
89,23,0.396359032537961
89,24,0.41313391106290664
89,25,0.42990878958785245
89,26,0.44668366811279825
89,27,0.46345854663774405
89,28,0.4802334251626898
89,29,0.49700830368763554
89,30,0.5137831822125812
89,31,0.5305580607375271
89,32,0.6010073433734939
89,33,0.7251310301204819
89,34,0.8492547168674699
89,35,0.9733784036144577
89,36,1.0975020903614456
89,37,1.2216257771084338
89,38,1.3457494638554217
89,39,1.4698731506024096
89,40,1.5939968373493976
89,41,1.7181205240963855
89,42,1.8422442108433736
89,43,1.9663678975903618
89,44,2.036441
90,5,0.3262499821958457
90,6,0.3212320919881306
90,7,0.3162142017804154
90,8,0.3111963115727003
90,9,0.3061784213649852
90,10,0.30116053115727004
90,11,0.2961426409495549
90,12,0.29112475074183974
90,13,0.2861068605341246
90,14,0.2810889703264095
90,15,0.27607108011869436
90,16,0.2803929479392625
90,17,0.29716782646420825
90,18,0.313942704989154
90,19,0.33071758351409974
90,20,0.3474924620390456
90,21,0.36426734056399135
90,22,0.38104221908893704
90,23,0.39781709761388284
90,24,0.4145919761388286
90,25,0.4313668546637744
90,26,0.44814173318872014
90,27,0.46491661171366594
90,28,0.48169149023861174
90,29,0.4984663687635575
90,30,0.5152412472885032
90,31,0.5567889277108433
90,32,0.6809126144578314
90,33,0.8050363012048191
90,34,0.9291599879518071
90,35,1.0532836746987952
90,36,1.177407361445783
90,37,1.301531048192771
90,38,1.425654734939759
90,39,1.5497784216867467
90,40,1.673902108433735
90,41,1.798025795180723
90,42,1.898127
90,43,1.938172
90,44,1.9782170000000001
91,6,0.33436485459940657
91,7,0.3293469643916914
91,8,0.3243290741839763
91,9,0.3193111839762611
91,10,0.314293293768546
91,11,0.30927540356083083
91,12,0.30425751335311574
91,13,0.29923962314540054
91,14,0.29422173293768544
91,15,0.2892038427299703
91,16,0.2841859525222552
91,17,0.2986258915401302
91,18,0.31540077006507594
91,19,0.3321756485900217
91,20,0.3489505271149675
91,21,0.36572540563991324
91,22,0.382500284164859
91,23,0.3992751626898048
91,24,0.4160500412147505
91,25,0.43282491973969633
91,26,0.449599798264642
91,27,0.4663746767895878
91,28,0.48314955531453363
91,29,0.49992443383947943
91,30,0.5166993123644252
91,31,0.6366941987951807
91,32,0.7608178855421688
91,33,0.8849415722891567
91,34,1.0090652590361444
91,35,1.1331889457831326
91,36,1.2573126325301205
91,37,1.3814363192771082
91,38,1.5055600060240966
91,39,1.6296836927710845
91,40,1.7538073795180722
91,41,1.799858
91,42,1.8399029999999998
91,43,1.8799480000000002
91,44,1.9199929999999998
92,7,0.3823322539682528
92,8,0.3374618367952522
92,9,0.33244394658753706
92,10,0.3274260563798219
92,11,0.3224081661721068
92,12,0.31739027596439173
92,13,0.31237238575667653
92,14,0.3073544955489614
92,15,0.3023366053412463
92,16,0.29731871513353114
92,17,0.3000839566160521
92,18,0.3168588351409979
92,19,0.33363371366594363
92,20,0.35040859219088943
92,21,0.3671834707158351
92,22,0.38395834924078087
92,23,0.4007332277657267
92,24,0.4175081062906724
92,25,0.43428298481561817
92,26,0.45105786334056397
92,27,0.4678327418655098
92,28,0.4846076203904556
92,29,0.5013824989154012
92,30,0.5924757831325299
92,31,0.716599469879518
92,32,0.840723156626506
92,33,0.964846843373494
92,34,1.0889705301204817
92,35,1.2130942168674699
92,36,1.3372179036144578
92,37,1.4613415903614457
92,38,1.5854652771084339
92,39,1.6615440000000004
92,40,1.701589
92,41,1.7416340000000001
92,42,1.7816790000000002
92,43,1.8217240000000001
92,44,1.8617690000000002
93,9,0.34557670919881306
93,10,0.34055881899109797
93,11,0.3355409287833828
93,12,0.33052303857566767
93,13,0.3255051483679525
93,14,0.3204872581602374
93,15,0.31546936795252223
93,16,0.31045147774480714
93,17,0.30543358753709193
93,18,0.3183169002169197
93,19,0.33509177874186546
93,20,0.3518666572668113
93,21,0.36864153579175707
93,22,0.3854164143167028
93,23,0.40219129284164856
93,24,0.4189661713665943
93,25,0.4357410498915401
93,26,0.4525159284164858
93,27,0.46929080694143166
93,28,0.4860656854663775
93,29,0.5482573674698794
93,30,0.6723810542168674
93,31,0.7965047409638555
93,32,0.9206284277108434
93,33,1.0447521144578313
93,34,1.1688758012048193
93,35,1.2929994879518074
93,36,1.4171231746987951
93,37,1.5232299999999999
93,38,1.563275
93,39,1.6033200000000003
93,40,1.643365
93,41,1.68341
93,42,1.7234550000000002
93,43,1.7635
93,44,1.8035450000000002
94,10,0.385573603174602
94,11,0.34867369139465876
94,12,0.3436558011869436
94,13,0.33863791097922846
94,14,0.3336200207715133
94,15,0.3286021305637982
94,16,0.3235842403560831
94,17,0.3185663501483679
94,18,0.31977496529284166
94,19,0.33654984381778746
94,20,0.3533247223427332
94,21,0.370099600867679
94,22,0.3868744793926247
94,23,0.4036493579175705
94,24,0.4204242364425162
94,25,0.43719911496746205
94,26,0.4539739934924078
94,27,0.47074887201735355
94,28,0.504038951807229
94,29,0.6281626385542167
94,30,0.7522863253012049
94,31,0.876410012048193
94,32,1.0005336987951807
94,33,1.1246573855421689
94,34,1.2487810722891566
94,35,1.3729047590361443
94,36,1.424961
94,37,1.4650059999999998
94,38,1.505051
94,39,1.545096
94,40,1.585141
94,41,1.6251860000000002
94,42,1.6652310000000003
94,43,1.705276
94,44,1.7453210000000001
95,11,0.4415115079365076
95,12,0.35678856379821955
95,13,0.3517706735905044
95,14,0.3467527833827893
95,15,0.34173489317507416
95,16,0.336717002967359
95,17,0.3316991127596439
95,18,0.3266812225519288
95,19,0.33800790889370935
95,20,0.3547827874186551
95,21,0.37155766594360085
95,22,0.38833254446854665
95,23,0.40510742299349245
95,24,0.4218823015184382
95,25,0.43865718004338394
95,26,0.45543205856832975
95,27,0.4722069370932755
95,28,0.5839442228915662
95,29,0.708067909638554
95,30,0.832191596385542
95,31,0.9563152831325301
95,32,1.080438969879518
95,33,1.204562656626506
95,34,1.286647
95,35,1.3266920000000002
95,36,1.3667369999999999
95,37,1.406782
95,38,1.4468270000000003
95,39,1.486872
95,40,1.5269170000000003
95,41,1.5669620000000002
95,42,1.607007
95,43,1.647052
95,44,1.687097
96,13,0.38881495238095176
96,14,0.3598855459940653
96,15,0.3548676557863501
96,16,0.349849765578635
96,17,0.34483187537091986
96,18,0.33981398516320477
96,19,0.3394659739696313
96,20,0.35624085249457704
96,21,0.3730157310195228
96,22,0.3897906095444686
96,23,0.4065654880694144
96,24,0.4233403665943601
96,25,0.44011524511930583
96,26,0.4568901236442517
96,27,0.5397258072289155
96,28,0.6638494939759036
96,29,0.7879731807228916
96,30,0.9120968674698795
96,31,1.0362205542168677
96,32,1.148333
96,33,1.1883780000000002
96,34,1.228423
96,35,1.268468
96,36,1.308513
96,37,1.3485580000000001
96,38,1.388603
96,39,1.4286480000000001
96,40,1.4686930000000002
96,41,1.5087380000000001
96,42,1.5487830000000002
96,43,1.5888280000000004
96,44,1.6767523529411767
97,14,0.44475285714285634
97,15,0.3680004183976261
97,16,0.36298252818991095
97,17,0.35796463798219585
97,18,0.3529467477744807
97,19,0.34792885756676556
97,20,0.357698917570499
97,21,0.37447379609544473
97,22,0.3912486746203905
97,23,0.4080235531453362
97,24,0.42479843167028203
97,25,0.4415733101952278
97,26,0.4955073915662649
97,27,0.6196310783132528
97,28,0.7437547650602409
97,29,0.8678784518072289
97,30,0.9920021385542168
97,31,1.0500639999999999
97,32,1.090109
97,33,1.130154
97,34,1.170199
97,35,1.2102439999999999
97,36,1.250289
97,37,1.290334
97,38,1.330379
97,39,1.3704239999999999
97,40,1.4104690000000002
97,41,1.450514
97,42,1.4905590000000002
97,43,1.530604
97,44,1.7142870588235295
98,15,0.5006907619047614
98,16,0.392056301587301
98,17,0.3710974005934718
98,18,0.36607951038575665
98,19,0.36106162017804155
98,20,0.3591569826464208
98,21,0.3759318611713666
98,22,0.39270673969631237
98,23,0.4094816182212581
98,24,0.4262564967462039
98,25,0.4512889759036144
98,26,0.5754126626506023
98,27,0.6995363493975904
98,28,0.8236600361445784
98,29,0.9117500000000001
98,30,0.9517950000000003
98,31,0.99184
98,32,1.031885
98,33,1.07193
98,34,1.1119750000000002
98,35,1.1520199999999998
98,36,1.1920650000000002
98,37,1.23211
98,38,1.272155
98,39,1.3122000000000003
98,40,1.352245
98,41,1.39229
98,42,1.4323350000000001
98,43,1.47238
98,44,1.7518217647058825
99,16,0.5566286666666671
99,17,0.44799420634920617
99,18,0.37921227299703264
99,19,0.3741943827893175
99,20,0.36917649258160234
99,21,0.3773899262472885
99,22,0.39416480477223426
99,23,0.41093968329718
99,24,0.4277145618221258
99,25,0.5311942469879518
99,26,0.6553179337349397
99,27,0.7734360000000001
99,28,0.8134809999999999
99,29,0.853526
99,30,0.8935710000000001
99,31,0.933616
99,32,0.9736609999999999
99,33,1.013706
99,34,1.053751
99,35,1.0937960000000002
99,36,1.133841
99,37,1.173886
99,38,1.213931
99,39,1.2539760000000002
99,40,1.2940209999999999
99,41,1.334066
99,42,1.374111
99,43,1.4141560000000002
100,18,0.50393211111111
100,19,0.3952976507936497
100,20,0.38230925519287834
100,21,0.3788479913232104
100,22,0.39562286984815614
100,23,0.41239774837310195
100,24,0.486975831325301
100,25,0.6110995180722891
100,26,0.6751670000000001
100,27,0.715212
100,28,0.7552569999999998
100,29,0.795302
100,30,0.8353470000000001
100,31,0.8753919999999998
100,32,0.9154370000000001
100,33,0.955482
100,34,0.9955269999999999
100,35,1.035572
100,36,1.075617
100,37,1.115662
100,38,1.155707
100,39,1.1957520000000001
100,40,1.235797
100,41,1.2758420000000001
100,42,1.315887
100,43,1.3559320000000001
101,19,0.5598700158730152
101,20,0.4512355555555554
101,21,0.3904241275964391
101,22,0.3970809349240781
101,23,0.4427574156626505
101,24,0.536853
101,25,0.576898
101,26,0.6169430000000001
101,27,0.6569880000000001
101,28,0.697033
101,29,0.7370780000000001
101,30,0.7771230000000002
101,31,0.817168
101,32,0.857213
101,33,0.8972579999999999
101,34,0.9373029999999999
101,35,0.9773480000000001
101,36,1.0173929999999998
101,37,1.0574379999999999
101,38,1.0974830000000002
101,39,1.1375279999999999
101,40,1.177573
101,41,1.2176180000000003
101,42,1.2576630000000002
101,43,1.2977079999999999
102,20,0.6158079206349203
102,21,0.5071734603174599
102,22,0.3985389999999984
102,23,0.43858399999999986
102,24,0.478629
102,25,0.518674
102,26,0.5587190000000001
102,27,0.5987640000000001
102,28,0.638809
102,29,0.678854
102,30,0.7188990000000002
102,31,0.758944
102,32,0.7989890000000001
102,33,0.8390340000000001
102,34,0.879079
102,35,0.919124
102,36,0.959169
102,37,0.9992140000000003
102,38,1.039259
102,39,1.079304
102,40,1.1193490000000001
102,41,1.159394
102,42,1.1994390000000001
102,43,1.2394840000000003
103,22,0.5631113650793638
103,23,0.45447690476190405
103,24,0.4662952997032641
103,25,0.5039250207715134
103,26,0.5415547418397626
103,27,0.5791844629080117
103,28,0.6168141839762611
103,29,0.6544439050445103
103,30,0.6920736261127597
103,31,0.7297033471810088
103,32,0.7673330682492583
103,33,0.8049627893175074
103,34,0.8425925103857567
103,35,0.880222231454006
103,36,0.9178519525222553
103,37,0.9554816735905045
103,38,0.9931113946587538
103,39,1.030741115727003
103,40,1.0683708367952522
103,41,1.1060005578635015
103,42,1.1436302789317505
103,43,1.18126
104,23,0.6190492698412695
104,24,0.510414809523809
104,25,0.4964218783382789
104,26,0.5340515994065282
104,27,0.5716813204747774
104,28,0.6093110415430266
104,29,0.646940762611276
104,30,0.6845704836795252
104,31,0.7222002047477745
104,32,0.7598299258160237
104,33,0.797459646884273
104,34,0.8350893679525221
104,35,0.8727190890207714
104,36,0.9103488100890207
104,37,0.94797853115727
104,38,0.9856082522255192
104,39,1.0232379732937686
104,40,1.0608676943620177
104,41,1.0984974154302671
104,42,1.1361271364985164
104,43,1.218794705882353
105,24,0.6749871746031741
105,25,0.5663527142857143
105,26,0.5265484569732938
105,27,0.5641781780415429
105,28,0.6018078991097923
105,29,0.6394376201780415
105,30,0.6770673412462906
105,31,0.71469706231454
105,32,0.7523267833827892
105,33,0.7899565044510386
105,34,0.8275862255192878
105,35,0.8652159465875371
105,36,0.9028456676557863
105,37,0.9404753887240356
105,38,0.9781051097922849
105,39,1.015734830860534
105,40,1.0533645519287833
105,41,1.0909942729970328
105,42,1.1286239940652818
105,43,1.256329411764706
106,26,0.6222906190476187
106,27,0.5566750356083086
106,28,0.5943047566765578
106,29,0.631934477744807
106,30,0.6695641988130563
106,31,0.7071939198813055
106,32,0.7448236409495549
106,33,0.7824533620178041
106,34,0.8200830830860533
106,35,0.8577128041543026
106,36,0.8953425252225519
106,37,0.9329722462908012
106,38,0.9706019673590505
106,39,1.0082316884272997
106,40,1.045861409495549
106,41,1.0834911305637982
106,42,1.1211208516320474
106,43,1.2938641176470589
107,27,0.6782285238095233
107,28,0.5868016142433234
107,29,0.6244313353115727
107,30,0.6620610563798219
107,31,0.6996907774480712
107,32,0.7373204985163204
107,33,0.7749502195845697
107,34,0.8125799406528189
107,35,0.8502096617210683
107,36,0.8878393827893175
107,37,0.9254691038575666
107,38,0.9630988249258159
107,39,1.0007285459940654
107,40,1.0383582670623146
107,41,1.0759879881305638
107,42,1.113617709198813
107,43,1.3313988235294119
108,28,0.7341664285714281
108,29,0.6255319682539677
108,30,0.6545579139465874
108,31,0.6921876350148367
108,32,0.7298173560830861
108,33,0.7674470771513353
108,34,0.8050767982195846
108,35,0.8427065192878338
108,36,0.880336240356083
108,37,0.9179659614243323
108,38,0.9555956824925815
108,39,0.9932254035608309
108,40,1.0308551246290802
108,41,1.0684848456973293
108,42,1.1061145667655787
108,43,1.3689335294117648
109,29,0.7901043333333335
109,30,0.6814698730158728
109,31,0.6846844925816022
109,32,0.7223142136498516
109,33,0.7599439347181008
109,34,0.7975736557863502
109,35,0.8352033768545994
109,36,0.8728330979228487
109,37,0.9104628189910979
109,38,0.9480925400593472
109,39,0.9857222611275964
109,40,1.0233519821958457
109,41,1.060981703264095
109,42,1.0986114243323442
110,31,0.7374077777777777
110,32,0.7148110712166171
110,33,0.7524407922848664
110,34,0.7900705133531156
110,35,0.827700234421365
110,36,0.8653299554896142
110,37,0.9029596765578634
110,38,0.9405893976261128
110,39,0.978219118694362
110,40,1.0158488397626113
110,41,1.0534785608308606
110,42,1.0911082818991098
111,32,0.7933456825396819
111,33,0.7449376498516319
111,34,0.7825673709198813
111,35,0.8201970919881305
111,36,0.8578268130563798
111,37,0.8954565341246291
111,38,0.9330862551928784
111,39,0.9707159762611277
111,40,1.0083456973293767
111,41,1.0459754183976262
111,42,1.0836051394658752
112,33,0.8492835873015869
112,34,0.7750642284866469
112,35,0.8126939495548959
112,36,0.8503236706231454
112,37,0.8879533916913946
112,38,0.925583112759644
112,39,0.9632128338278932
112,40,1.0008425548961424
112,41,1.0384722759643916
112,42,1.0761019970326409
113,35,0.8051908071216616
113,36,0.8428205281899108
113,37,0.8804502492581603
113,38,0.9180799703264095
113,39,0.9557096913946587
113,40,0.993339412462908
113,41,1.030969133531157
113,42,1.0685988545994065
114,36,0.8525249365079364
114,37,0.8729471068249257
114,38,0.9105768278931751
114,39,0.9482065489614242
114,40,0.9858362700296734
114,41,1.0234659910979227
114,42,1.0610957121661722
115,37,0.908462841269841
115,38,0.9030736854599406
115,39,0.9407034065281898
115,40,0.9783331275964391
115,41,1.0159628486646883
115,42,1.0535925697329376
116,39,0.9332002640949555
116,40,0.9708299851632046
116,41,1.008459706231454
116,42,1.0460894272997032
117,40,0.9633268427299703
117,41,1.0009565637982196
117,42,1.0385862848664686
118,41,0.9934534213649852
118,42,1.0310831424332343
119,42,1.02358
