x,y,reading
62,21,0.473549
63,20,0.46222796428571433
63,21,0.46655274999999996
63,22,0.4708775357142857
63,23,0.47520232142857144
63,24,0.4795271071428572
64,19,0.45090692857142856
64,20,0.45523171428571435
64,21,0.4595565
64,22,0.46388128571428566
64,23,0.46820607142857146
64,24,0.47253085714285714
64,25,0.4768556428571429
64,26,0.48118042857142856
64,27,0.48550521428571425
64,28,0.48983
65,18,0.4395858928571428
65,19,0.4439106785714286
65,20,0.4482354642857143
65,21,0.45256025
65,22,0.4568850357142857
65,23,0.4612098214285714
65,24,0.46553460714285716
65,25,0.46985939285714284
65,26,0.4741841785714286
65,27,0.47850896428571427
65,28,0.48283374999999995
65,29,0.4871585357142857
65,30,0.49148332142857143
65,31,0.49580810714285717
66,17,0.4282648571428571
66,18,0.43258964285714285
66,19,0.43691442857142854
66,20,0.44123921428571433
66,21,0.44556399999999996
66,22,0.4498887857142857
66,23,0.45421357142857144
66,24,0.4585383571428572
66,25,0.4628631428571428
66,26,0.46718792857142855
66,27,0.4715127142857143
66,28,0.47583749999999997
66,29,0.48016228571428565
66,30,0.48448707142857145
66,31,0.48881185714285713
66,32,0.4931366428571428
66,33,0.49746142857142855
66,34,0.5017862142857142
66,35,0.506111
67,16,0.4169438214285714
67,17,0.42126860714285713
67,18,0.4255933928571428
67,19,0.42991817857142856
67,20,0.4342429642857143
67,21,0.4385677499999999
67,22,0.44289253571428566
67,23,0.4472173214285714
67,24,0.45154210714285714
67,25,0.4558668928571428
67,26,0.46019167857142856
67,27,0.4645164642857143
67,28,0.46884125
67,29,0.47316603571428567
67,30,0.4774908214285714
67,31,0.48181560714285715
67,32,0.48523256097560974
67,33,0.4877416829268293
67,34,0.4902508048780488
67,35,0.4927599268292683
68,14,0.401298
68,15,0.40562278571428567
68,16,0.4099475714285714
68,17,0.41427235714285715
68,18,0.4185971428571428
68,19,0.4229219285714285
68,20,0.42724671428571426
68,21,0.4315715
68,22,0.4358962857142856
68,23,0.4402210714285714
68,24,0.4445458571428571
68,25,0.44887064285714284
68,26,0.4531954285714285
68,27,0.4575202142857143
68,28,0.46184499999999995
68,29,0.4643541219512195
68,30,0.46686324390243905
68,31,0.46937236585365855
68,32,0.4718814878048781
68,33,0.4743906097560976
68,34,0.47689973170731703
68,35,0.4794088536585365
68,36,0.4819179756097561
69,13,0.38997696428571427
69,14,0.39430175
69,15,0.39862653571428575
69,16,0.4029513214285715
69,17,0.40727610714285717
69,18,0.4116008928571428
69,19,0.41592567857142854
69,20,0.4202504642857143
69,21,0.42457524999999996
69,22,0.4289000357142857
69,23,0.4332248214285714
69,24,0.4375496071428572
69,25,0.4409665609756097
69,26,0.44347568292682926
69,27,0.44598480487804876
69,28,0.44849392682926825
69,29,0.4510030487804878
69,30,0.4535121707317073
69,31,0.4560212926829268
69,32,0.45853041463414634
69,33,0.46103953658536584
69,34,0.4635486585365854
69,35,0.4660577804878049
69,36,0.4685669024390244
70,12,0.37865592857142855
70,13,0.3829807142857143
70,14,0.3873055
70,15,0.3916302857142857
70,16,0.3959550714285714
70,17,0.40027985714285713
70,18,0.4046046428571428
70,19,0.40892942857142855
70,20,0.4132542142857143
70,21,0.417579
70,22,0.4200881219512195
70,23,0.422597243902439
70,24,0.4251063658536586
70,25,0.427615487804878
70,26,0.43012460975609756
70,27,0.43263373170731706
70,28,0.43514285365853655
70,29,0.4376519756097561
70,30,0.44016109756097566
70,31,0.44267021951219515
70,32,0.44517934146341454
70,33,0.44768846341463414
70,34,0.45019758536585364
70,35,0.45270670731707313
70,36,0.4552158292682927
70,37,0.45772495121951223
71,11,0.3673348928571428
71,12,0.37165967857142856
71,13,0.37598446428571425
71,14,0.38030924999999993
71,15,0.38463403571428567
71,16,0.3889588214285714
71,17,0.39328360714285715
71,18,0.39670056097560974
71,19,0.39920968292682923
71,20,0.4017188048780488
71,21,0.4042279268292682
71,22,0.4067370487804878
71,23,0.40924617073170727
71,24,0.4117552926829269
71,25,0.4142644146341463
71,26,0.41677353658536587
71,27,0.41928265853658536
71,28,0.42179178048780486
71,29,0.4243009024390244
71,30,0.4268100243902439
71,31,0.4293191463414634
71,32,0.43182826829268295
71,33,0.43433739024390244
71,34,0.436846512195122
71,35,0.4393556341463415
71,36,0.441864756097561
71,37,0.4443738780487805
71,38,0.44688300000000003
72,10,0.3560138571428571
72,11,0.36033864285714284
72,12,0.3646634285714286
72,13,0.36898821428571427
72,14,0.373313
72,15,0.37582212195121945
72,16,0.378331243902439
72,17,0.38084036585365855
72,18,0.383349487804878
72,19,0.38585860975609754
72,20,0.3883677317073171
72,21,0.3908768536585366
72,22,0.3933859756097561
72,23,0.39589509756097563
72,24,0.39840421951219507
72,25,0.4009133414634146
72,26,0.40342246341463417
72,27,0.4059315853658536
72,28,0.4084407073170731
72,29,0.41094982926829265
72,30,0.41345895121951226
72,31,0.4159680731707317
72,32,0.41847719512195114
72,33,0.4209863170731707
72,34,0.4234954390243903
72,35,0.42600456097560974
72,36,0.4285136829268293
72,37,0.4310228048780488
72,38,0.43353192682926833
73,9,0.3446928214285714
73,10,0.3490176071428572
73,11,0.3524345609756097
73,12,0.3549436829268292
73,13,0.35745280487804876
73,14,0.35996192682926825
73,15,0.36247104878048775
73,16,0.3649801707317073
73,17,0.36748929268292685
73,18,0.3699984146341464
73,19,0.37250753658536584
73,20,0.3750166585365854
73,21,0.37752578048780483
73,22,0.3800349024390244
73,23,0.3825440243902438
73,24,0.3850531463414634
73,25,0.3875622682926829
73,26,0.3900713902439024
73,27,0.39258051219512197
73,28,0.39508963414634146
73,29,0.39759875609756096
73,30,0.4001078780487805
73,31,0.40261700000000006
73,32,0.40512612195121955
73,33,0.40763524390243905
73,34,0.41014436585365854
73,35,0.4126534878048781
73,36,0.41516260975609753
73,37,0.4176717317073171
73,38,0.42018085365853663
73,39,0.4226899756097561
74,7,0.329047
74,8,0.3315561219512195
74,9,0.33406524390243897
74,10,0.33657436585365846
74,11,0.339083487804878
74,12,0.3415926097560975
74,13,0.34410173170731706
74,14,0.34661085365853656
74,15,0.3491199756097561
74,16,0.3516290975609756
74,17,0.3541382195121951
74,18,0.3566473414634146
74,19,0.35915646341463414
74,20,0.3616655853658537
74,21,0.36417470731707313
74,22,0.3666838292682927
74,23,0.36919295121951223
74,24,0.3717020731707317
74,25,0.3742111951219512
74,26,0.3767203170731708
74,27,0.3792294390243902
74,28,0.38173856097560976
74,29,0.3842476829268293
74,30,0.38675680487804875
74,31,0.3892659268292683
74,32,0.3917750487804878
74,33,0.39428417073170735
74,34,0.39679329268292685
74,35,0.39930241463414634
74,36,0.40181153658536584
74,37,0.40432065853658533
74,38,0.4068297804878049
74,39,0.4093389024390245
75,7,0.34103198813056385
75,8,0.3320536290672451
75,9,0.33369721475054226
75,10,0.33534080043383946
75,11,0.33698438611713666
75,12,0.33862797180043386
75,13,0.34027155748373106
75,14,0.34191514316702815
75,15,0.34355872885032535
75,16,0.34520231453362255
75,17,0.34684590021691974
75,18,0.3484894859002169
75,19,0.3501330715835141
75,20,0.3517766572668113
75,21,0.3534202429501085
75,22,0.35506382863340563
75,23,0.35670741431670283
75,24,0.358351
75,25,0.3608601219512195
75,26,0.3633692439024391
75,27,0.3658783658536585
75,28,0.36838748780487807
75,29,0.3708966097560976
75,30,0.37340573170731706
75,31,0.3759148536585366
75,32,0.37842397560975616
75,33,0.38093309756097565
75,34,0.38344221951219515
75,35,0.3859513414634146
75,36,0.38846046341463414
75,37,0.39096958536585363
75,38,0.3934787073170732
75,39,0.39598782926829273
75,40,0.39849695121951223
76,7,0.3530169762611276
76,8,0.3348329317507418
76,9,0.3350602581344902
76,10,0.3367038438177874
76,11,0.3383474295010846
76,12,0.3399910151843818
76,13,0.34163460086767894
76,14,0.3432781865509761
76,15,0.34492177223427334
76,16,0.3465653579175705
76,17,0.3482089436008677
76,18,0.3498525292841649
76,19,0.351496114967462
76,20,0.3531397006507592
76,21,0.3547832863340564
76,22,0.35642687201735357
76,23,0.35807045770065077
76,24,0.35971404338394797
76,25,0.3613576290672451
76,26,0.3630012147505423
76,27,0.3646448004338395
76,28,0.36628838611713666
76,29,0.36793197180043385
76,30,0.36957555748373105
76,31,0.37121914316702825
76,32,0.37286272885032534
76,33,0.3745063145336226
76,34,0.37614990021691974
76,35,0.37779348590021694
76,36,0.37943707158351414
76,37,0.3810806572668113
76,38,0.3827242429501085
76,39,0.3843678286334057
76,40,0.38601141431670283
76,41,0.387655
77,7,0.36500196439169136
77,8,0.3468179198813056
77,9,0.3364233015184382
77,10,0.33806688720173533
77,11,0.33971047288503253
77,12,0.3413540585683297
77,13,0.34299764425162693
77,14,0.3446412299349241
77,15,0.3462848156182212
77,16,0.3479284013015184
77,17,0.3495719869848156
77,18,0.3512155726681128
77,19,0.35285915835140996
77,20,0.35450274403470716
77,21,0.3561463297180043
77,22,0.3577899154013015
77,23,0.3594335010845987
77,24,0.3610770867678959
77,25,0.36272067245119305
77,26,0.36436425813449025
77,27,0.3660078438177874
77,28,0.36765142950108465
77,29,0.3692950151843818
77,30,0.37093860086767894
77,31,0.37258218655097614
77,32,0.37422577223427334
77,33,0.3758693579175705
77,34,0.37751294360086773
77,35,0.3791565292841648
77,36,0.380800114967462
77,37,0.3824437006507592
77,38,0.3840872863340564
77,39,0.38573087201735357
77,40,0.3873744577006508
77,41,0.4903598162650602
78,6,0.39517099703264097
78,7,0.3769869525222552
78,8,0.3588029080118694
78,9,0.3406188635014837
78,10,0.33942993058568327
78,11,0.34107351626898047
78,12,0.3427171019522776
78,13,0.3443606876355748
78,14,0.34600427331887207
78,15,0.34764785900216916
78,16,0.34929144468546636
78,17,0.35093503036876356
78,18,0.35257861605206076
78,19,0.3542222017353579
78,20,0.3558657874186551
78,21,0.3575093731019523
78,22,0.35915295878524944
78,23,0.3607965444685467
78,24,0.36244013015184384
78,25,0.364083715835141
78,26,0.36572730151843824
78,27,0.3673708872017354
78,28,0.36901447288503253
78,29,0.37065805856832973
78,30,0.37230164425162693
78,31,0.3739452299349241
78,32,0.37558881561822133
78,33,0.3772324013015184
78,34,0.37887598698481567
78,35,0.38051957266811287
78,36,0.38216315835140996
78,37,0.38380674403470716
78,38,0.3854503297180044
78,39,0.3870939154013015
78,40,0.4527428313253013
78,41,0.5930646325301205
79,6,0.40715598516320484
79,7,0.388971940652819
79,8,0.3707878961424333
79,9,0.3526038516320475
79,10,0.34079297396963126
79,11,0.3424365596529284
79,12,0.3440801453362256
79,13,0.3457237310195228
79,14,0.34736731670281995
79,15,0.34901090238611715
79,16,0.3506544880694143
79,17,0.3522980737527115
79,18,0.35394165943600864
79,19,0.35558524511930584
79,20,0.35722883080260304
79,21,0.35887241648590024
79,22,0.36051600216919744
79,23,0.3621595878524946
79,24,0.3638031735357918
79,25,0.3654467592190889
79,26,0.3670903449023861
79,27,0.3687339305856833
79,28,0.3703775162689805
79,29,0.37202110195227767
79,30,0.37366468763557487
79,31,0.375308273318872
79,32,0.3769518590021692
79,33,0.3785954446854664
79,34,0.38023903036876355
79,35,0.38188261605206075
79,36,0.3835262017353579
79,37,0.3851697874186551
79,38,0.3868133731019523
79,39,0.4151258463855422
79,40,0.5554476475903616
79,41,0.6957694487951808
79,42,0.83609125
80,6,0.41914097329376854
80,7,0.40095692878338274
80,8,0.38277288427299705
80,9,0.3645888397626113
80,10,0.34640479525222545
80,11,0.34379960303687634
80,12,0.34544318872017354
80,13,0.3470867744034707
80,14,0.34873036008676783
80,15,0.3503739457700651
80,16,0.3520175314533623
80,17,0.35366111713665943
80,18,0.35530470281995663
80,19,0.3569482885032538
80,20,0.358591874186551
80,21,0.3602354598698481
80,22,0.3618790455531453
80,23,0.3635226312364425
80,24,0.36516621691973966
80,25,0.3668098026030369
80,26,0.36845338828633406
80,27,0.37009697396963126
80,28,0.3717405596529284
80,29,0.37338414533622566
80,30,0.3750277310195228
80,31,0.37667131670281995
80,32,0.37831490238611715
80,33,0.3799584880694143
80,34,0.38160207375271155
80,35,0.3832456594360087
80,36,0.38488924511930583
80,37,0.3865328308026031
80,38,0.3881764164859003
80,39,0.5178306626506024
80,40,0.6581524638554218
80,41,0.798474265060241
80,42,0.9387960662650603
81,6,0.43112596142433235
81,7,0.41294191691394655
81,8,0.39475787240356086
81,9,0.3765738278931751
81,10,0.3583897833827893
81,11,0.3451626464208243
81,12,0.3468062321041214
81,13,0.3484498177874186
81,14,0.3500934034707158
81,15,0.35173698915401297
81,16,0.3533805748373102
81,17,0.35502416052060737
81,18,0.3566677462039045
81,19,0.3583113318872017
81,20,0.3599549175704989
81,21,0.36159850325379606
81,22,0.3632420889370933
81,23,0.36488567462039045
81,24,0.3665292603036876
81,25,0.36817284598698485
81,26,0.369816431670282
81,27,0.3714600173535792
81,28,0.3731036030368764
81,29,0.37474718872017354
81,30,0.3763907744034707
81,31,0.3780343600867679
81,32,0.3796779457700651
81,33,0.3813215314533623
81,34,0.3829651171366594
81,35,0.3846087028199566
81,36,0.38625228850325377
81,37,0.38789587418655097
81,38,0.48021367771084333
81,39,0.6205354789156626
81,40,0.760857280120482
81,41,0.9011790813253011
81,42,1.0415008825301204
82,5,0.46129499406528196
82,6,0.44311094955489616
82,7,0.42492690504451036
82,8,0.40674286053412456
82,9,0.3885588160237389
82,10,0.37037477151335313
82,11,0.3521907270029674
82,12,0.3481692754880694
82,13,0.34981286117136656
82,14,0.35145644685466376
82,15,0.35310003253796096
82,16,0.3547436182212581
82,17,0.3563872039045553
82,18,0.35803078958785245
82,19,0.35967437527114965
82,20,0.3613179609544469
82,21,0.36296154663774405
82,22,0.36460513232104125
82,23,0.3662487180043384
82,24,0.36789230368763554
82,25,0.36953588937093274
82,26,0.3711794750542299
82,27,0.37282306073752713
82,28,0.3744666464208243
82,29,0.3761102321041215
82,30,0.3777538177874187
82,31,0.3793974034707158
82,32,0.381040989154013
82,33,0.3826845748373102
82,34,0.3843281605206074
82,35,0.38597174620390456
82,36,0.38761533188720176
82,37,0.4425966927710843
82,38,0.5829184939759038
82,39,0.7232402951807229
82,40,0.8635620963855422
82,41,1.0038838975903612
82,42,1.1442056987951805
82,43,1.2845275
83,5,0.47327998219584577
83,6,0.45509593768546
83,7,0.4369118931750742
83,8,0.4187278486646884
83,9,0.4005438041543027
83,10,0.3823597596439169
83,11,0.3641757151335312
83,12,0.34953231887201736
83,13,0.3511759045553145
83,14,0.3528194902386117
83,15,0.3544630759219089
83,16,0.3561066616052061
83,17,0.35775024728850324
83,18,0.3593938329718004
83,19,0.3610374186550976
83,20,0.3626810043383948
83,21,0.364324590021692
83,22,0.3659681757049892
83,23,0.36761176138828633
83,24,0.3692553470715835
83,25,0.3708989327548807
83,26,0.37254251843817787
83,27,0.37418610412147507
83,28,0.3758296898047722
83,29,0.3774732754880694
83,30,0.37911686117136656
83,31,0.3807604468546638
83,32,0.38240403253796096
83,33,0.38404761822125816
83,34,0.3856912039045553
83,35,0.38733478958785256
83,36,0.4049797078313252
83,37,0.5453015090361445
83,38,0.6856233102409639
83,39,0.8259451114457832
83,40,0.9662669126506023
83,41,1.1065887138554218
83,42,1.2469105150602409
83,43,1.3872323162650602
84,5,0.4852649703264095
84,6,0.46708092581602373
84,7,0.448896881305638
84,8,0.4307128367952522
84,9,0.4125287922848665
84,10,0.39434474777448075
84,11,0.3761607032640949
84,12,0.35797665875370926
84,13,0.35253894793926244
84,14,0.35418253362255964
84,15,0.35582611930585684
84,16,0.357469704989154
84,17,0.35911329067245124
84,18,0.3607568763557484
84,19,0.3624004620390455
84,20,0.3640440477223428
84,21,0.3656876334056399
84,22,0.3673312190889371
84,23,0.3689748047722343
84,24,0.37061839045553147
84,25,0.37226197613882867
84,26,0.37390556182212586
84,27,0.375549147505423
84,28,0.37719273318872015
84,29,0.37883631887201735
84,30,0.38047990455531455
84,31,0.3821234902386117
84,32,0.38376707592190895
84,33,0.3854106616052061
84,34,0.3870542472885033
84,35,0.3886978329718005
84,36,0.5076845240963854
84,37,0.6480063253012047
84,38,0.788328126506024
84,39,0.9286499277108433
84,40,1.0689717289156626
84,41,1.209293530120482
84,42,1.3496153313253014
84,43,1.4899371325301205
85,5,0.4972499584569733
85,6,0.47906591394658754
85,7,0.4608818694362018
85,8,0.44269782492581605
85,9,0.4245137804154302
85,10,0.4063297359050445
85,11,0.3881456913946587
85,12,0.369961646884273
85,13,0.3539019913232104
85,14,0.3555455770065076
85,15,0.3571891626898048
85,16,0.358832748373102
85,17,0.3604763340563991
85,18,0.36211991973969626
85,19,0.36376350542299346
85,20,0.36540709110629066
85,21,0.36705067678958786
85,22,0.36869426247288506
85,23,0.3703378481561822
85,24,0.37198143383947935
85,25,0.3736250195227766
85,26,0.37526860520607375
85,27,0.376912190889371
85,28,0.37855577657266815
85,29,0.3801993622559653
85,30,0.38184294793926243
85,31,0.38348653362255963
85,32,0.38513011930585683
85,33,0.38677370498915403
85,34,0.38841729067245123
85,35,0.4700675391566264
85,36,0.6103893403614458
85,37,0.7507111415662651
85,38,0.8910329427710844
85,39,1.0313547439759037
85,40,1.171676545180723
85,41,1.311998346385542
85,42,1.4523201475903615
85,43,1.5926419487951806
85,44,1.73296375
86,4,0.5274189910979229
86,5,0.5092349465875371
86,6,0.4910509020771513
86,7,0.47286685756676555
86,8,0.4546828130563799
86,9,0.43649876854599406
86,10,0.4183147240356083
86,11,0.4001306795252225
86,12,0.3819466350148368
86,13,0.36376259050445103
86,14,0.35690862039045557
86,15,0.3585522060737527
86,16,0.36019579175704985
86,17,0.36183937744034705
86,18,0.36348296312364425
86,19,0.3651265488069414
86,20,0.36677013449023865
86,21,0.36841372017353574
86,22,0.370057305856833
86,23,0.37170089154013014
86,24,0.37334447722342734
86,25,0.3749880629067246
86,26,0.3766316485900217
86,27,0.3782752342733189
86,28,0.3799188199566161
86,29,0.3815624056399132
86,30,0.38320599132321037
86,31,0.3848495770065076
86,32,0.38649316268980477
86,33,0.38813674837310197
86,34,0.43245055421686746
86,35,0.5727723554216867
86,36,0.7130941566265061
86,37,0.8534159578313253
86,38,0.9937377590361445
86,39,1.134059560240964
86,40,1.2743813614457833
86,41,1.4147031626506024
86,42,1.555024963855422
86,43,1.695346765060241
86,44,1.83566856626506
87,4,0.5394039792284866
87,5,0.5212199347181009
87,6,0.5030358902077151
87,7,0.48485184569732936
87,8,0.4666678011869436
87,9,0.44848375667655793
87,10,0.4302997121661721
87,11,0.41211566765578633
87,12,0.39393162314540053
87,13,0.37574757863501485
87,14,0.35827166377440345
87,15,0.35991524945770065
87,16,0.3615588351409978
87,17,0.363202420824295
87,18,0.3648460065075922
87,19,0.3664895921908894
87,20,0.36813317787418653
87,21,0.36977676355748373
87,22,0.37142034924078093
87,23,0.3730639349240781
87,24,0.3747075206073752
87,25,0.3763511062906724
87,26,0.3779946919739697
87,27,0.3796382776572668
87,28,0.38128186334056396
87,29,0.38292544902386116
87,30,0.38456903470715836
87,31,0.38621262039045556
87,32,0.38785620607375276
87,33,0.39483356927710844
87,34,0.5351553704819275
87,35,0.675477171686747
87,36,0.8157989728915662
87,37,0.9561207740963855
87,38,1.0964425753012048
87,39,1.236764376506024
87,40,1.3770861777108434
87,41,1.5174079789156625
87,42,1.657729780120482
87,43,1.7980515813253013
87,44,1.9383733825301204
88,4,0.5513889673590504
88,5,0.5332049228486646
88,6,0.5150208783382789
88,7,0.4968368338278931
88,8,0.4786527893175074
88,9,0.4604687448071217
88,10,0.4422847002967359
88,11,0.42410065578635014
88,12,0.40591661127596435
88,13,0.38773256676557866
88,14,0.36954852225519286
88,15,0.3612782928416486
88,16,0.3629218785249458
88,17,0.364565464208243
88,18,0.36620904989154013
88,19,0.3678526355748373
88,20,0.36949622125813447
88,21,0.37113980694143167
88,22,0.37278339262472887
88,23,0.37442697830802607
88,24,0.3760705639913232
88,25,0.37771414967462036
88,26,0.37935773535791756
88,27,0.3810013210412148
88,28,0.38264490672451196
88,29,0.3842884924078091
88,30,0.3859320780911063
88,31,0.3875756637744035
88,32,0.3892192494577007
88,33,0.49753838554216867
88,34,0.637860186746988
88,35,0.7781819879518073
88,36,0.9185037891566264
88,37,1.0588255903614459
88,38,1.1991473915662652
88,39,1.3394691927710842
88,40,1.4797909939759037
88,41,1.6201127951807228
88,42,1.7604345963855421
88,43,1.9007563975903614
88,44,2.0410781987951805
88,45,2.1814
89,3,0.581558
89,4,0.5633739554896143
89,5,0.5451899109792285
89,6,0.5270058664688427
89,7,0.508821821958457
89,8,0.4906377774480712
89,9,0.47245373293768544
89,10,0.45426968842729976
89,11,0.43608564391691396
89,12,0.41790159940652816
89,13,0.39971755489614247
89,14,0.38153351038575667
89,15,0.36334946587537087
89,16,0.3642849219088937
89,17,0.36592850759219087
89,18,0.367572093275488
89,19,0.36921567895878526
89,20,0.37085926464208246
89,21,0.3725028503253796
89,22,0.37414643600867675
89,23,0.37579002169197395
89,24,0.37743360737527115
89,25,0.37907719305856835
89,26,0.38072077874186555
89,27,0.3823643644251627
89,28,0.38400795010845984
89,29,0.3856515357917571
89,30,0.38729512147505424
89,31,0.38893870715835144
89,32,0.4599214006024096
89,33,0.6002432018072288
89,34,0.7405650030120482
89,35,0.8808868042168674
89,36,1.0212086054216867
89,37,1.161530406626506
89,38,1.3018522078313253
89,39,1.4421740090361446
89,40,1.582495810240964
89,41,1.722817611445783
89,42,1.8631394126506025
89,43,2.003461213855422
89,44,2.0980959873817033
90,5,0.5571748991097923
90,6,0.5389908545994065
90,7,0.5208068100890207
90,8,0.502622765578635
90,9,0.48443872106824926
90,10,0.46625467655786357
90,11,0.4480706320474777
90,12,0.429886587537092
90,13,0.4117025430267062
90,14,0.3935184985163205
90,15,0.37533445400593474
90,16,0.3656479652928416
90,17,0.36729155097613886
90,18,0.368935136659436
90,19,0.3705787223427332
90,20,0.37222230802603035
90,21,0.37386589370932755
90,22,0.3755094793926247
90,23,0.37715306507592194
90,24,0.3787966507592191
90,25,0.38044023644251623
90,26,0.3820838221258135
90,27,0.38372740780911063
90,28,0.3853709934924078
90,29,0.387014579175705
90,30,0.3886581648590022
90,31,0.4223044156626506
90,32,0.5626262168674699
90,33,0.7029480180722889
90,34,0.8432698192771083
90,35,0.9835916204819277
90,36,1.1239134216867468
90,37,1.2642352228915663
90,38,1.4045570240963856
90,39,1.5448788253012045
90,40,1.6852006265060242
90,41,1.8255224277108433
90,42,1.945538883280757
90,43,2.0147919747634067
90,44,2.084045066246057
91,6,0.5509758427299704
91,7,0.5327917982195846
91,8,0.5146077537091989
91,9,0.49642370919881307
91,10,0.4782396646884273
91,11,0.4600556201780415
91,12,0.44187157566765584
91,13,0.42368753115727
91,14,0.4055034866468843
91,15,0.3873194421364985
91,16,0.36913539762611275
91,17,0.36865459436008674
91,18,0.37029818004338394
91,19,0.37194176572668114
91,20,0.37358535140997834
91,21,0.3752289370932755
91,22,0.3768725227765727
91,23,0.3785161084598699
91,24,0.380159694143167
91,25,0.3818032798264642
91,26,0.3834468655097614
91,27,0.38509045119305857
91,28,0.38673403687635577
91,29,0.38837762255965297
91,30,0.3900212082429501
91,31,0.5250092319277109
91,32,0.6653310331325302
91,33,0.8056528343373494
91,34,0.9459746355421685
91,35,1.0862964367469878
91,36,1.2266182379518071
91,37,1.3669400391566262
91,38,1.5072618403614457
91,39,1.6475836415662652
91,40,1.7879054427710843
91,41,1.8622348706624603
91,42,1.9314879621451104
91,43,2.00074105362776
91,44,2.0699941451104102
92,7,0.6238879047619028
92,8,0.5265927418397627
92,9,0.5084086973293769
92,10,0.4902246528189911
92,11,0.47204060830860534
92,12,0.4538565637982196
92,13,0.4356725192878338
92,14,0.4174884747774481
92,15,0.3993044302670623
92,16,0.38112038575667656
92,17,0.37001763774403473
92,18,0.3716612234273319
92,19,0.3733048091106291
92,20,0.3749483947939262
92,21,0.3765919804772234
92,22,0.37823556616052056
92,23,0.3798791518438178
92,24,0.38152273752711496
92,25,0.38316632321041216
92,26,0.3848099088937093
92,27,0.3864534945770065
92,28,0.38809708026030365
92,29,0.38974066594360085
92,30,0.4873922469879516
92,31,0.6277140481927711
92,32,0.7680358493975903
92,33,0.9083576506024096
92,34,1.0486794518072287
92,35,1.1890012530120482
92,36,1.3293230542168675
92,37,1.4696448554216865
92,38,1.609966656626506
92,39,1.7096777665615144
92,40,1.7789308580441638
92,41,1.8481839495268138
92,42,1.917437041009464
92,43,1.9866901324921136
92,44,2.0559432239747637
93,9,0.5203936854599407
93,10,0.5022096409495549
93,11,0.48402559643916915
93,12,0.4658415519287834
93,13,0.44765750741839766
93,14,0.42947346290801186
93,15,0.4112894183976261
93,16,0.3931053738872403
93,17,0.3749213293768546
93,18,0.3730242668112798
93,19,0.374667852494577
93,20,0.37631143817787416
93,21,0.37795502386117136
93,22,0.37959860954446856
93,23,0.38124219522776576
93,24,0.3828857809110629
93,25,0.3845293665943601
93,26,0.38617295227765724
93,27,0.3878165379609545
93,28,0.38946012364425164
93,29,0.44977526204819274
93,30,0.5900970632530119
93,31,0.7304188644578313
93,32,0.8707406656626506
93,33,1.01106246686747
93,34,1.151384268072289
93,35,1.2917060692771085
93,36,1.4320278704819276
93,37,1.5571206624605678
93,38,1.6263737539432175
93,39,1.6956268454258676
93,40,1.764879936908517
93,41,1.8341330283911672
93,42,1.9033861198738173
93,43,1.9726392113564668
93,44,2.041892302839117
94,10,0.5774835238095221
94,11,0.496010584569733
94,12,0.47782654005934716
94,13,0.4596424955489614
94,14,0.44145845103857567
94,15,0.4232744065281899
94,16,0.40509036201780413
94,17,0.38690631750741833
94,18,0.37438731019522775
94,19,0.3760308958785249
94,20,0.37767448156182215
94,21,0.3793180672451193
94,22,0.3809616529284165
94,23,0.3826052386117137
94,24,0.38424882429501084
94,25,0.385892409978308
94,26,0.3875359956616052
94,27,0.38917958134490244
94,28,0.4121582771084339
94,29,0.5524800783132529
94,30,0.6928018795180723
94,31,0.8331236807228917
94,32,0.9734454819277106
94,33,1.1137672831325303
94,34,1.2540890843373493
94,35,1.3944108855421684
94,36,1.4738166498422711
94,37,1.543069741324921
94,38,1.6123228328075707
94,39,1.6815759242902208
94,40,1.7508290157728705
94,41,1.8200821072555207
94,42,1.8893351987381704
94,43,1.9585882902208203
94,44,2.02784138170347
95,11,0.6662178095238089
95,12,0.489811528189911
95,13,0.47162748367952523
95,14,0.45344343916913943
95,15,0.43525939465875363
95,16,0.41707535014836794
95,17,0.3988913056379822
95,18,0.38070726112759645
95,19,0.3773939392624729
95,20,0.37903752494577003
95,21,0.3806811106290673
95,22,0.38232469631236443
95,23,0.3839682819956616
95,24,0.3856118676789588
95,25,0.387255453362256
95,26,0.3888990390455531
95,27,0.3905426247288503
95,28,0.5148630933734939
95,29,0.6551848945783132
95,30,0.7955066957831325
95,31,0.9358284969879518
95,32,1.076150298192771
95,33,1.2164720993975904
95,34,1.3212595457413248
95,35,1.3905126372239747
95,36,1.4597657287066244
95,37,1.5290188201892745
95,38,1.5982719116719244
95,39,1.667525003154574
95,40,1.736778094637224
95,41,1.806031186119874
95,42,1.8752842776025238
95,43,1.9445373690851735
95,44,2.013790460567823
96,13,0.5310791428571418
96,14,0.46542842729970324
96,15,0.4472443827893175
96,16,0.42906033827893175
96,17,0.41087629376854595
96,18,0.3926922492581602
96,19,0.37875698264642077
96,20,0.380400568329718
96,21,0.38204415401301517
96,22,0.38368773969631237
96,23,0.3853313253796095
96,24,0.38697491106290666
96,25,0.3886184967462039
96,26,0.39026208242950106
96,27,0.47724610843373483
96,28,0.6175679096385542
96,29,0.7578897108433735
96,30,0.8982115120481926
96,31,1.0385333132530121
96,32,1.1687024416403786
96,33,1.2379555331230283
96,34,1.307208624605678
96,35,1.3764617160883281
96,36,1.445714807570978
96,37,1.514967899053628
96,38,1.5842209905362776
96,39,1.6534740820189275
96,40,1.7227271735015774
96,41,1.7919802649842271
96,42,1.8612333564668768
96,43,1.930486447949527
96,44,1.981543529411765
97,14,0.6198134285714272
97,15,0.45922937091988136
97,16,0.44104532640949556
97,17,0.4228612818991098
97,18,0.4046772373887241
97,19,0.3864931928783383
97,20,0.381763611713666
97,21,0.38340719739696316
97,22,0.3850507830802603
97,23,0.38669436876355745
97,24,0.38833795444685465
97,25,0.3899815401301519
97,26,0.43962912349397576
97,27,0.579950924698795
97,28,0.7202727259036144
97,29,0.8605945271084336
97,30,1.0009163283132527
97,31,1.085398429022082
97,32,1.1546515205047316
97,33,1.2239046119873818
97,34,1.2931577034700314
97,35,1.3624107949526811
97,36,1.4316638864353313
97,37,1.5009169779179812
97,38,1.5701700694006306
97,39,1.6394231608832808
97,40,1.7086762523659305
97,41,1.7779293438485806
97,42,1.8471824353312303
97,43,1.9164355268138802
97,44,1.9311005882352943
98,15,0.7085477142857135
98,16,0.484674761904761
98,17,0.4348462700296736
98,18,0.41666222551928783
98,19,0.39847818100890203
98,20,0.38312665509761384
98,21,0.38477024078091104
98,22,0.38641382646420824
98,23,0.38805741214750544
98,24,0.3897009978308026
98,25,0.4020121385542168
98,26,0.542333939759036
98,27,0.6826557409638552
98,28,0.8229775421686747
98,29,0.9328413249211357
98,30,1.0020944164037857
98,31,1.0713475078864354
98,32,1.140600599369085
98,33,1.2098536908517352
98,34,1.279106782334385
98,35,1.3483598738170346
98,36,1.4176129652996847
98,37,1.4868660567823344
98,38,1.556119148264984
98,39,1.6253722397476342
98,40,1.694625331230284
98,41,1.763878422712934
98,42,1.833131514195584
98,43,1.9023846056782334
98,44,1.8806576470588237
99,16,0.7972820000000005
99,17,0.573409047619047
99,18,0.42864721364985164
99,19,0.4104631691394659
99,20,0.3922791246290801
99,21,0.386133284164859
99,22,0.3877768698481562
99,23,0.3894204555314533
99,24,0.3910640412147506
99,25,0.5047169548192771
99,26,0.6450387560240964
99,27,0.7802842208201892
99,28,0.8495373123028389
99,29,0.9187904037854888
99,30,0.9880434952681387
99,31,1.0572965867507884
99,32,1.1265496782334385
99,33,1.1958027697160882
99,34,1.265055861198738
99,35,1.334308952681388
99,36,1.4035620441640377
99,37,1.4728151356466876
99,38,1.5420682271293376
99,39,1.6113213186119872
99,40,1.6805744100946371
99,41,1.749827501577287
99,42,1.819080593059937
99,43,1.8883336845425869
100,18,0.6621433333333318
100,19,0.43827038095237925
100,20,0.4042641127596439
100,21,0.3874963275488069
100,22,0.38913991323210406
100,23,0.3907834989154013
100,24,0.4670999698795178
100,25,0.6074217710843373
100,26,0.6969802082018927
100,27,0.7662332996845425
100,28,0.8354863911671921
100,29,0.9047394826498423
100,30,0.9739925741324922
100,31,1.0432456656151419
100,32,1.1124987570977918
100,33,1.1817518485804415
100,34,1.2510049400630914
100,35,1.3202580315457413
100,36,1.3895111230283912
100,37,1.458764214511041
100,38,1.5280173059936908
100,39,1.5972703974763407
100,40,1.6665234889589906
100,41,1.7357765804416405
100,42,1.8050296719242902
100,43,1.8742827634069401
101,19,0.7508776190476181
101,20,0.5270046666666662
101,21,0.398065056379822
101,22,0.39050295661605205
101,23,0.4294829849397589
101,24,0.5444231041009464
101,25,0.6136761955835961
101,26,0.682929287066246
101,27,0.7521823785488959
101,28,0.8214354700315457
101,29,0.8906885615141955
101,30,0.9599416529968456
101,31,1.0291947444794953
101,32,1.098447835962145
101,33,1.167700927444795
101,34,1.2369540189274446
101,35,1.3062071104100947
101,36,1.3754602018927442
101,37,1.4447132933753943
101,38,1.513966384858044
101,39,1.5832194763406937
101,40,1.6524725678233438
101,41,1.7217256593059935
101,42,1.7909787507886437
101,43,1.8602318422712933
102,20,0.8396119047619042
102,21,0.6157389523809516
102,22,0.3918659999999976
102,23,0.4611190914826495
102,24,0.5303721829652998
102,25,0.5996252744479493
102,26,0.6688783659305994
102,27,0.7381314574132491
102,28,0.807384548895899
102,29,0.876637640378549
102,30,0.9458907318611987
102,31,1.0151438233438486
102,32,1.0843969148264985
102,33,1.1536500063091482
102,34,1.222903097791798
102,35,1.2921561892744478
102,36,1.3614092807570977
102,37,1.430662372239748
102,38,1.4999154637223975
102,39,1.5691685552050476
102,40,1.6384216466876973
102,41,1.707674738170347
102,42,1.7769278296529971
102,43,1.8461809211356468
103,22,0.7044732380952365
103,23,0.48060028571428454
103,24,0.49888116913946584
103,25,0.5690521602373887
103,26,0.6392231513353115
103,27,0.7093941424332344
103,28,0.7795651335311572
103,29,0.8497361246290802
103,30,0.9199071157270029
103,31,0.9900781068249258
103,32,1.0602490979228487
103,33,1.1304200890207716
103,34,1.2005910801186943
103,35,1.270762071216617
103,36,1.3409330623145401
103,37,1.411104053412463
103,38,1.4812750445103857
103,39,1.5514460356083086
103,40,1.6216170267062313
103,41,1.6917880178041544
103,42,1.7619590089020774
103,43,1.83213
104,23,0.7932075238095233
104,24,0.5693345714285708
104,25,0.5357253471810088
104,26,0.6058963382789317
104,27,0.6760673293768545
104,28,0.7462383204747773
104,29,0.8164093115727002
104,30,0.886580302670623
104,31,0.956751293768546
104,32,1.026922284866469
104,33,1.0970932759643917
104,34,1.1672642670623146
104,35,1.2374352581602373
104,36,1.3076062492581602
104,37,1.377777240356083
104,38,1.4479482314540058
104,39,1.5181192225519289
104,40,1.5882902136498516
104,41,1.6584612047477745
104,42,1.7286321958456972
104,43,1.7816870588235298
105,24,0.8819418095238087
105,25,0.6580688571428568
105,26,0.5725695252225519
105,27,0.6427405163204747
105,28,0.7129115074183976
105,29,0.7830824985163204
105,30,0.8532534896142433
105,31,0.9234244807121662
105,32,0.993595471810089
105,33,1.0637664629080117
105,34,1.1339374540059346
105,35,1.2041084451038575
105,36,1.2742794362017802
105,37,1.3444504272997033
105,38,1.4146214183976262
105,39,1.484792409495549
105,40,1.5549634005934718
105,41,1.6251343916913947
105,42,1.6953053827893174
105,43,1.731244117647059
106,26,0.7468031428571424
106,27,0.6094137032640949
106,28,0.6795846943620178
106,29,0.7497556854599408
106,30,0.8199266765578634
106,31,0.8900976676557864
106,32,0.9602686587537093
106,33,1.030439649851632
106,34,1.1006106409495549
106,35,1.1707816320474778
106,36,1.2409526231454007
106,37,1.3111236142433236
106,38,1.3812946053412463
106,39,1.4514655964391692
106,40,1.521636587537092
106,41,1.591807578635015
106,42,1.6619785697329377
106,43,1.6808011764705884
107,27,0.8355374285714279
107,28,0.6462578813056379
107,29,0.7164288724035608
107,30,0.7865998635014836
107,31,0.8567708545994065
107,32,0.9269418456973294
107,33,0.9971128367952523
107,34,1.067283827893175
107,35,1.137454818991098
107,36,1.207625810089021
107,37,1.2777968011869436
107,38,1.3479677922848665
107,39,1.4181387833827892
107,40,1.488309774480712
107,41,1.5584807655786352
107,42,1.628651756676558
107,43,1.6303582352941177
108,28,0.9242717142857136
108,29,0.7003987619047611
108,30,0.7532730504451037
108,31,0.8234440415430266
108,32,0.8936150326409495
108,33,0.9637860237388725
108,34,1.0339570148367954
108,35,1.1041280059347183
108,36,1.174298997032641
108,37,1.2444699881305636
108,38,1.3146409792284866
108,39,1.3848119703264095
108,40,1.4549829614243324
108,41,1.525153952522255
108,42,1.595324943620178
108,43,1.5799152941176473
109,29,1.0130060000000003
109,30,0.7891330476190473
109,31,0.7901172284866469
109,32,0.8602882195845698
109,33,0.9304592106824926
109,34,1.0006302017804156
109,35,1.0708011928783383
109,36,1.1409721839762612
109,37,1.2111431750741841
109,38,1.2813141661721068
109,39,1.3514851572700297
109,40,1.4216561483679526
109,41,1.4918271394658753
109,42,1.5619981305637984
110,31,0.8778673333333331
110,32,0.82696140652819
110,33,0.8971323976261129
110,34,0.9673033887240357
110,35,1.0374743798219586
110,36,1.1076453709198815
110,37,1.1778163620178042
110,38,1.247987353115727
110,39,1.31815834421365
110,40,1.3883293353115729
110,41,1.4585003264094958
110,42,1.5286713175074185
111,32,0.9666016190476183
111,33,0.863805584569733
111,34,0.9339765756676559
111,35,1.0041475667655788
111,36,1.0743185578635015
111,37,1.1444895489614244
111,38,1.2146605400593473
111,39,1.2848315311572702
111,40,1.355002522255193
111,41,1.4251735133531156
111,42,1.4953445044510387
112,33,1.0553359047619044
112,34,0.900649762611276
112,35,0.9708207537091987
112,36,1.0409917448071218
112,37,1.1111627359050447
112,38,1.1813337270029676
112,39,1.2515047181008903
112,40,1.3216757091988132
112,41,1.3918467002967359
112,42,1.4620176913946588
113,35,0.937493940652819
113,36,1.0076649317507418
113,37,1.077835922848665
113,38,1.1480069139465876
113,39,1.2181779050445105
113,40,1.2883488961424332
113,41,1.358519887240356
113,42,1.428690878338279
114,36,1.0089315238095236
114,37,1.0445091097922847
114,38,1.1146801008902079
114,39,1.1848510919881305
114,40,1.2550220830860535
114,41,1.3251930741839764
114,42,1.3953640652818993
115,37,1.0976658095238092
115,38,1.081353287833828
115,39,1.1515242789317508
115,40,1.2216952700296735
115,41,1.2918662611275966
115,42,1.3620372522255195
116,39,1.118197465875371
116,40,1.188368456973294
116,41,1.2585394480712166
116,42,1.3287104391691398
117,40,1.155041643916914
117,41,1.225212635014837
117,42,1.2953836261127596
118,41,1.1918858219584572
118,42,1.2620568130563798
119,42,1.22873
