x,y,reading
62,21,0.191283
63,20,0.22106918750000001
63,21,0.2418488125
63,22,0.2626284375
63,23,0.28340806250000006
63,24,0.3041876875
64,19,0.250855375
64,20,0.271635
64,21,0.29241462500000004
64,22,0.31319425
64,23,0.33397387500000003
64,24,0.35475349999999994
64,25,0.375533125
64,26,0.39631275
64,27,0.417092375
64,28,0.437872
65,18,0.2806415625
65,19,0.3014211875
65,20,0.3222008125
65,21,0.3429804375
65,22,0.3637600625
65,23,0.3845396875
65,24,0.4053193125
65,25,0.4260989375
65,26,0.4468785625000001
65,27,0.4676581875
65,28,0.48843781249999996
65,29,0.5092174375
65,30,0.5299970625
65,31,0.5507766875000001
66,17,0.31042775
66,18,0.33120737499999997
66,19,0.351987
66,20,0.372766625
66,21,0.39354625
66,22,0.41432587500000007
66,23,0.43510550000000003
66,24,0.455885125
66,25,0.47666475
66,26,0.49744437500000005
66,27,0.5182239999999999
66,28,0.539003625
66,29,0.55978325
66,30,0.580562875
66,31,0.6013425
66,32,0.622122125
66,33,0.64290175
66,34,0.6636813750000001
66,35,0.684461
67,16,0.3402139375
67,17,0.3609935625
67,18,0.38177318749999994
67,19,0.4025528125
67,20,0.4233324375
67,21,0.4441120625
67,22,0.4648916875
67,23,0.4856713125
67,24,0.5064509375
67,25,0.5272305625
67,26,0.5480101875
67,27,0.5687898125
67,28,0.5895694375
67,29,0.6103490625
67,30,0.6311286875000001
67,31,0.6519083125
67,32,0.678068219512195
67,33,0.7096084085365852
67,34,0.7411485975609755
67,35,0.7726887865853658
68,14,0.3492205
68,15,0.370000125
68,16,0.39077975
68,17,0.411559375
68,18,0.432339
68,19,0.453118625
68,20,0.47389824999999997
68,21,0.49467787500000004
68,22,0.5154575
68,23,0.536237125
68,24,0.55701675
68,25,0.5777963749999999
68,26,0.5985759999999999
68,27,0.619355625
68,28,0.64013525
68,29,0.6716754390243903
68,30,0.7032156280487806
68,31,0.7347558170731707
68,32,0.766296006097561
68,33,0.7978361951219513
68,34,0.8293763841463415
68,35,0.8609165731707318
68,36,0.892456762195122
69,13,0.37900668749999994
69,14,0.3997863125
69,15,0.4205659375
69,16,0.4413455625
69,17,0.4621251875
69,18,0.4829048125
69,19,0.5036844375
69,20,0.5244640625
69,21,0.5452436875000001
69,22,0.5660233125
69,23,0.5868029375
69,24,0.6075825624999999
69,25,0.633742469512195
69,26,0.6652826585365853
69,27,0.6968228475609755
69,28,0.7283630365853658
69,29,0.7599032256097561
69,30,0.7914434146341464
69,31,0.8229836036585367
69,32,0.8545237926829268
69,33,0.886063981707317
69,34,0.9176041707317073
69,35,0.9491443597560976
69,36,0.9806845487804878
70,12,0.40879287499999994
70,13,0.4295724999999999
70,14,0.45035212500000005
70,15,0.47113174999999996
70,16,0.491911375
70,17,0.512691
70,18,0.533470625
70,19,0.55425025
70,20,0.575029875
70,21,0.5958095
70,22,0.6273496890243901
70,23,0.6588898780487804
70,24,0.6904300670731707
70,25,0.7219702560975609
70,26,0.7535104451219512
70,27,0.7850506341463415
70,28,0.8165908231707317
70,29,0.848131012195122
70,30,0.8796712012195123
70,31,0.9112113902439026
70,32,0.9427515792682926
70,33,0.9742917682926829
70,34,1.005831957317073
70,35,1.0373721463414634
70,36,1.0689123353658536
70,37,1.100452524390244
71,11,0.4385790625
71,12,0.4593586875
71,13,0.48013831249999994
71,14,0.5009179375
71,15,0.5216975624999999
71,16,0.5424771875
71,17,0.5632568124999999
71,18,0.5894167195121951
71,19,0.6209569085365854
71,20,0.6524970975609756
71,21,0.6840372865853659
71,22,0.715577475609756
71,23,0.7471176646341464
71,24,0.7786578536585367
71,25,0.8101980426829268
71,26,0.8417382317073171
71,27,0.8732784207317074
71,28,0.9048186097560976
71,29,0.9363587987804878
71,30,0.9678989878048782
71,31,0.9994391768292685
71,32,1.0309793658536586
71,33,1.0625195548780488
71,34,1.094059743902439
71,35,1.1255999329268294
71,36,1.1571401219512196
71,37,1.1886803109756097
71,38,1.2202205
72,10,0.46836524999999996
72,11,0.489144875
72,12,0.5099245
72,13,0.530704125
72,14,0.55148375
72,15,0.5830239390243902
72,16,0.6145641280487804
72,17,0.6461043170731707
72,18,0.677644506097561
72,19,0.7091846951219514
72,20,0.7407248841463415
72,21,0.7722650731707317
72,22,0.8038052621951219
72,23,0.8353454512195122
72,24,0.8668856402439025
72,25,0.8984258292682927
72,26,0.9299660182926831
72,27,0.961506207317073
72,28,0.9930463963414634
72,29,1.0245865853658538
72,30,1.056126774390244
72,31,1.0876669634146343
72,32,1.1192071524390244
72,33,1.1507473414634146
72,34,1.1822875304878049
72,35,1.2138277195121954
72,36,1.2453679085365854
72,37,1.2769080975609757
72,38,1.308448286585366
73,9,0.49815143749999996
73,10,0.5189310624999999
73,11,0.5450909695121952
73,12,0.5766311585365853
73,13,0.6081713475609756
73,14,0.6397115365853658
73,15,0.6712517256097561
73,16,0.7027919146341464
73,17,0.7343321036585366
73,18,0.7658722926829269
73,19,0.7974124817073172
73,20,0.8289526707317073
73,21,0.8604928597560977
73,22,0.8920330487804878
73,23,0.9235732378048782
73,24,0.9551134268292684
73,25,0.9866536158536586
73,26,1.0181938048780488
73,27,1.049733993902439
73,28,1.0812741829268293
73,29,1.1128143719512196
73,30,1.14435456097561
73,31,1.17589475
73,32,1.2074349390243901
73,33,1.2389751280487806
73,34,1.270515317073171
73,35,1.3020555060975612
73,36,1.3335956951219514
73,37,1.3651358841463415
73,38,1.3966760731707317
73,39,1.428216262195122
74,7,0.507158
74,8,0.5386981890243903
74,9,0.5702383780487804
74,10,0.6017785670731708
74,11,0.6333187560975609
74,12,0.6648589451219512
74,13,0.6963991341463416
74,14,0.7279393231707317
74,15,0.759479512195122
74,16,0.7910197012195122
74,17,0.8225598902439024
74,18,0.8541000792682927
74,19,0.8856402682926829
74,20,0.9171804573170732
74,21,0.9487206463414636
74,22,0.9802608353658537
74,23,1.011801024390244
74,24,1.0433412134146343
74,25,1.0748814024390245
74,26,1.1064215914634148
74,27,1.1379617804878048
74,28,1.169501969512195
74,29,1.2010421585365854
74,30,1.2325823475609756
74,31,1.264122536585366
74,32,1.2956627256097561
74,33,1.3272029146341464
74,34,1.3587431036585367
74,35,1.3902832926829272
74,36,1.4218234817073174
74,37,1.4533636707317075
74,38,1.4849038597560977
74,39,1.516444048780488
75,7,0.48603413056379824
75,8,0.5130671691973969
75,9,0.5517235336225597
75,10,0.5903798980477223
75,11,0.6290362624728849
75,12,0.6676926268980478
75,13,0.7063489913232104
75,14,0.7450053557483731
75,15,0.7836617201735359
75,16,0.8223180845986985
75,17,0.8609744490238611
75,18,0.899630813449024
75,19,0.9382871778741865
75,20,0.9769435422993493
75,21,1.015599906724512
75,22,1.0542562711496746
75,23,1.0929126355748373
75,24,1.1315689999999998
75,25,1.1631091890243903
75,26,1.1946493780487806
75,27,1.2261895670731706
75,28,1.257729756097561
75,29,1.2892699451219514
75,30,1.3208101341463416
75,31,1.352350323170732
75,32,1.383890512195122
75,33,1.4154307012195122
75,34,1.4469708902439025
75,35,1.4785110792682927
75,36,1.510051268292683
75,37,1.5415914573170733
75,38,1.5731316463414635
75,39,1.6046718353658536
75,40,1.6362120243902438
76,7,0.4649102611275965
76,8,0.48186975074183974
76,9,0.518976338394794
76,10,0.5576327028199567
76,11,0.5962890672451193
76,12,0.6349454316702821
76,13,0.6736017960954447
76,14,0.7122581605206073
76,15,0.75091452494577
76,16,0.7895708893709328
76,17,0.8282272537960955
76,18,0.8668836182212583
76,19,0.9055399826464208
76,20,0.9441963470715835
76,21,0.9828527114967462
76,22,1.0215090759219088
76,23,1.0601654403470717
76,24,1.0988218047722342
76,25,1.137478169197397
76,26,1.1761345336225597
76,27,1.2147908980477222
76,28,1.2534472624728852
76,29,1.292103626898048
76,30,1.3307599913232102
76,31,1.369416355748373
76,32,1.4080727201735357
76,33,1.4467290845986986
76,34,1.4853854490238612
76,35,1.5240418134490241
76,36,1.5626981778741866
76,37,1.6013545422993491
76,38,1.6400109067245119
76,39,1.6786672711496748
76,40,1.7173236355748374
76,41,1.75598
77,7,0.4437863916913946
77,8,0.4607458813056379
77,9,0.4862291431670282
77,10,0.5248855075921909
77,11,0.5635418720173536
77,12,0.6021982364425162
77,13,0.640854600867679
77,14,0.6795109652928417
77,15,0.7181673297180045
77,16,0.756823694143167
77,17,0.7954800585683297
77,18,0.8341364229934926
77,19,0.872792787418655
77,20,0.9114491518438177
77,21,0.9501055162689804
77,22,0.9887618806941432
77,23,1.027418245119306
77,24,1.0660746095444686
77,25,1.1047309739696312
77,26,1.143387338394794
77,27,1.1820437028199566
77,28,1.2207000672451194
77,29,1.259356431670282
77,30,1.2980127960954446
77,31,1.3366691605206071
77,32,1.37532552494577
77,33,1.413981889370933
77,34,1.4526382537960956
77,35,1.4912946182212583
77,36,1.5299509826464208
77,37,1.5686073470715833
77,38,1.607263711496746
77,39,1.645920075921909
77,40,1.6845764403470715
77,41,1.6545745240963856
78,6,0.4057030326409496
78,7,0.42266252225519285
78,8,0.43962201186943617
78,9,0.4565815014836795
78,10,0.4921383123644252
78,11,0.5307946767895879
78,12,0.5694510412147505
78,13,0.6081074056399132
78,14,0.6467637700650759
78,15,0.6854201344902386
78,16,0.7240764989154012
78,17,0.762732863340564
78,18,0.8013892277657266
78,19,0.8400455921908894
78,20,0.878701956616052
78,21,0.9173583210412148
78,22,0.9560146854663774
78,23,0.9946710498915401
78,24,1.0333274143167028
78,25,1.0719837787418656
78,26,1.110640143167028
78,27,1.149296507592191
78,28,1.1879528720173538
78,29,1.2266092364425165
78,30,1.265265600867679
78,31,1.3039219652928415
78,32,1.3425783297180043
78,33,1.381234694143167
78,34,1.41989105856833
78,35,1.4585474229934925
78,36,1.4972037874186552
78,37,1.5358601518438177
78,38,1.5745165162689805
78,39,1.6131728806941434
78,40,1.6084661204819275
78,41,1.5531690481927711
79,6,0.3845791632047478
79,7,0.4015386528189911
79,8,0.4184981424332344
79,9,0.4354576320474777
79,10,0.4593911171366594
79,11,0.49804748156182216
79,12,0.5367038459869848
79,13,0.5753602104121475
79,14,0.6140165748373102
79,15,0.6526729392624728
79,16,0.6913293036876356
79,17,0.7299856681127983
79,18,0.768642032537961
79,19,0.8072983969631237
79,20,0.8459547613882863
79,21,0.884611125813449
79,22,0.9232674902386118
79,23,0.9619238546637744
79,24,1.000580219088937
79,25,1.0392365835140998
79,26,1.0778929479392625
79,27,1.1165493123644252
79,28,1.1552056767895877
79,29,1.1938620412147507
79,30,1.2325184056399132
79,31,1.2711747700650757
79,32,1.3098311344902385
79,33,1.3484874989154012
79,34,1.3871438633405642
79,35,1.425800227765727
79,36,1.4644565921908894
79,37,1.5031129566160522
79,38,1.5417693210412147
79,39,1.56235771686747
79,40,1.5070606445783132
79,41,1.4517635722891569
79,42,1.3964665
80,6,0.36345529376854596
80,7,0.38041478338278933
80,8,0.39737427299703265
80,9,0.41433376261127597
80,10,0.4312932522255193
80,11,0.4653002863340564
80,12,0.503956650759219
80,13,0.5426130151843818
80,14,0.5812693796095445
80,15,0.6199257440347072
80,16,0.6585821084598699
80,17,0.6972384728850326
80,18,0.7358948373101952
80,19,0.774551201735358
80,20,0.8132075661605207
80,21,0.8518639305856833
80,22,0.8905202950108461
80,23,0.9291766594360087
80,24,0.9678330238611713
80,25,1.006489388286334
80,26,1.045145752711497
80,27,1.0838021171366594
80,28,1.1224584815618222
80,29,1.1611148459869851
80,30,1.1997712104121476
80,31,1.2384275748373101
80,32,1.2770839392624729
80,33,1.3157403036876356
80,34,1.3543966681127981
80,35,1.393053032537961
80,36,1.4317093969631236
80,37,1.4703657613882866
80,38,1.5090221258134489
80,39,1.4609522409638556
80,40,1.4056551686746988
80,41,1.3503580963855422
80,42,1.2950610240963856
81,6,0.34233142433234415
81,7,0.3592909139465875
81,8,0.37625040356083084
81,9,0.39320989317507427
81,10,0.41016938278931747
81,11,0.4325530911062907
81,12,0.4712094555314534
81,13,0.509865819956616
81,14,0.5485221843817787
81,15,0.5871785488069414
81,16,0.6258349132321042
81,17,0.6644912776572669
81,18,0.7031476420824294
81,19,0.7418040065075922
81,20,0.7804603709327549
81,21,0.8191167353579176
81,22,0.8577730997830804
81,23,0.896429464208243
81,24,0.9350858286334056
81,25,0.9737421930585685
81,26,1.012398557483731
81,27,1.0510549219088938
81,28,1.0897112863340566
81,29,1.128367650759219
81,30,1.1670240151843818
81,31,1.2056803796095443
81,32,1.244336744034707
81,33,1.2829931084598698
81,34,1.3216494728850325
81,35,1.3603058373101953
81,36,1.398962201735358
81,37,1.4376185661605207
81,38,1.414843837349398
81,39,1.359546765060241
81,40,1.3042496927710845
81,41,1.2489526204819277
81,42,1.1936555481927713
82,5,0.3042480652818991
82,6,0.3212075548961424
82,7,0.33816704451038576
82,8,0.355126534124629
82,9,0.37208602373887245
82,10,0.3890455133531157
82,11,0.40600500296735903
82,12,0.4384622603036876
82,13,0.4771186247288503
82,14,0.5157749891540131
82,15,0.5544313535791756
82,16,0.5930877180043383
82,17,0.6317440824295011
82,18,0.6704004468546638
82,19,0.7090568112798264
82,20,0.7477131757049891
82,21,0.7863695401301518
82,22,0.8250259045553144
82,23,0.8636822689804773
82,24,0.9023386334056398
82,25,0.9409949978308025
82,26,0.9796513622559653
82,27,1.018307726681128
82,28,1.0569640911062907
82,29,1.0956204555314533
82,30,1.134276819956616
82,31,1.1729331843817787
82,32,1.2115895488069413
82,33,1.2502459132321042
82,34,1.2889022776572667
82,35,1.3275586420824295
82,36,1.3662150065075922
82,37,1.36873543373494
82,38,1.3134383614457832
82,39,1.2581412891566266
82,40,1.20284421686747
82,41,1.1475471445783134
82,42,1.0922500722891568
82,43,1.036953
83,5,0.2831241958456973
83,6,0.30008368545994063
83,7,0.31704317507418395
83,8,0.3340026646884273
83,9,0.3509621543026706
83,10,0.36792164391691395
83,11,0.38488113353115727
83,12,0.4057150650759219
83,13,0.44437142950108455
83,14,0.4830277939262473
83,15,0.52168415835141
83,16,0.5603405227765728
83,17,0.5989968872017354
83,18,0.637653251626898
83,19,0.6763096160520606
83,20,0.7149659804772235
83,21,0.7536223449023862
83,22,0.7922787093275487
83,23,0.8309350737527115
83,24,0.8695914381778741
83,25,0.9082478026030368
83,26,0.9469041670281997
83,27,0.9855605314533624
83,28,1.024216895878525
83,29,1.0628732603036877
83,30,1.1015296247288504
83,31,1.1401859891540131
83,32,1.1788423535791757
83,33,1.2174987180043384
83,34,1.2561550824295011
83,35,1.2948114468546637
83,36,1.3226270301204819
83,37,1.2673299578313255
83,38,1.2120328855421687
83,39,1.1567358132530121
83,40,1.1014387409638555
83,41,1.0461416686746987
83,42,0.9908445963855422
83,43,0.9355475240963855
84,5,0.26200032640949555
84,6,0.27895981602373887
84,7,0.2959193056379822
84,8,0.3128787952522255
84,9,0.3298382848664688
84,10,0.34679777448071214
84,11,0.36375726409495546
84,12,0.38071675370919883
84,13,0.4116242342733188
84,14,0.4502805986984816
84,15,0.4889369631236442
84,16,0.527593327548807
84,17,0.5662496919739697
84,18,0.6049060563991323
84,19,0.6435624208242949
84,20,0.6822187852494577
84,21,0.7208751496746204
84,22,0.759531514099783
84,23,0.7981878785249458
84,24,0.8368442429501084
84,25,0.875500607375271
84,26,0.9141569718004339
84,27,0.9528133362255966
84,28,0.9914697006507592
84,29,1.030126065075922
84,30,1.0687824295010846
84,31,1.1074387939262473
84,32,1.1460951583514098
84,33,1.1847515227765726
84,34,1.2234078872017353
84,35,1.262064251626898
84,36,1.2212215542168676
84,37,1.165924481927711
84,38,1.110627409638554
84,39,1.0553303373493976
84,40,1.000033265060241
84,41,0.9447361927710843
84,42,0.8894391204819279
84,43,0.834142048192771
85,5,0.24087645697329377
85,6,0.2578359465875371
85,7,0.27479543620178043
85,8,0.29175492581602375
85,9,0.30871441543026706
85,10,0.3256739050445104
85,11,0.3426333946587537
85,12,0.359592884272997
85,13,0.3788770390455531
85,14,0.4175334034707159
85,15,0.4561897678958785
85,16,0.49484613232104124
85,17,0.5335024967462039
85,18,0.5721588611713666
85,19,0.6108152255965292
85,20,0.6494715900216919
85,21,0.6881279544468547
85,22,0.7267843188720173
85,23,0.76544068329718
85,24,0.8040970477223427
85,25,0.8427534121475053
85,26,0.8814097765726681
85,27,0.9200661409978309
85,28,0.9587225054229935
85,29,0.9973788698481563
85,30,1.0360352342733188
85,31,1.0746915986984817
85,32,1.1133479631236443
85,33,1.152004327548807
85,34,1.1906606919739695
85,35,1.1751131506024097
85,36,1.1198160783132531
85,37,1.0645190060240965
85,38,1.0092219337349397
85,39,0.9539248614457833
85,40,0.8986277891566266
85,41,0.84333071686747
85,42,0.7880336445783133
85,43,0.7327365722891567
85,44,0.6774395
86,4,0.20279309792284866
86,5,0.21975258753709198
86,6,0.2367120771513353
86,7,0.2536715667655786
86,8,0.27063105637982193
86,9,0.28759054599406525
86,10,0.3045500356083086
86,11,0.32150952522255194
86,12,0.3384690148367952
86,13,0.3554285044510386
86,14,0.3847862082429502
86,15,0.4234425726681128
86,16,0.4620989370932755
86,17,0.5007553015184382
86,18,0.539411665943601
86,19,0.5780680303687635
86,20,0.6167243947939263
86,21,0.655380759219089
86,22,0.6940371236442516
86,23,0.7326934880694144
86,24,0.771349852494577
86,25,0.8100062169197396
86,26,0.8486625813449025
86,27,0.8873189457700652
86,28,0.9259753101952278
86,29,0.9646316746203905
86,30,1.0032880390455532
86,31,1.041944403470716
86,32,1.0806007678958784
86,33,1.1192571323210412
86,34,1.1290047469879518
86,35,1.0737076746987955
86,36,1.0184106024096387
86,37,0.963113530120482
86,38,0.9078164578313254
86,39,0.8525193855421687
86,40,0.7972223132530121
86,41,0.7419252409638555
86,42,0.6866281686746989
86,43,0.6313310963855421
86,44,0.5760340240963855
87,4,0.18166922848664688
87,5,0.19862871810089022
87,6,0.21558820771513354
87,7,0.23254769732937686
87,8,0.24950718694362017
87,9,0.26646667655786355
87,10,0.2834261661721068
87,11,0.3003856557863502
87,12,0.3173451454005935
87,13,0.3343046350148368
87,14,0.3520390130151844
87,15,0.39069537744034705
87,16,0.42935174186550973
87,17,0.46800810629067235
87,18,0.5066644707158352
87,19,0.5453208351409977
87,20,0.5839771995661606
87,21,0.6226335639913233
87,22,0.6612899284164859
87,23,0.6999462928416484
87,24,0.7386026572668112
87,25,0.7772590216919739
87,26,0.8159153861171367
87,27,0.8545717505422994
87,28,0.8932281149674621
87,29,0.9318844793926246
87,30,0.9705408438177874
87,31,1.0091972082429501
87,32,1.0478535726681126
87,33,1.082896343373494
87,34,1.0275992710843376
87,35,0.9723021987951808
87,36,0.9170051265060243
87,37,0.8617080542168676
87,38,0.8064109819277108
87,39,0.7511139096385543
87,40,0.6958168373493977
87,41,0.640519765060241
87,42,0.5852226927710844
87,43,0.5299256204819277
87,44,0.474628548192771
88,4,0.1605453590504451
88,5,0.1775048486646884
88,6,0.19446433827893175
88,7,0.2114238278931751
88,8,0.22838331750741842
88,9,0.24534280712166173
88,10,0.26230229673590505
88,11,0.27926178635014837
88,12,0.2962212759643917
88,13,0.313180765578635
88,14,0.3301402551928784
88,15,0.3579481822125814
88,16,0.396604546637744
88,17,0.43526091106290676
88,18,0.4739172754880694
88,19,0.512573639913232
88,20,0.5512300043383949
88,21,0.5898863687635575
88,22,0.6285427331887201
88,23,0.6671990976138829
88,24,0.7058554620390455
88,25,0.7445118264642083
88,26,0.783168190889371
88,27,0.8218245553145336
88,28,0.8604809197396964
88,29,0.899137284164859
88,30,0.9377936485900217
88,31,0.9764500130151844
88,32,1.0151063774403473
88,33,0.9814908674698798
88,34,0.926193795180723
88,35,0.8708967228915664
88,36,0.8155996506024097
88,37,0.7603025783132532
88,38,0.7050055060240965
88,39,0.6497084337349399
88,40,0.5944113614457832
88,41,0.5391142891566265
88,42,0.4838172168674699
88,43,0.4285201445783133
88,44,0.37322307228915663
88,45,0.317926
89,3,0.122462
89,4,0.13942148961424333
89,5,0.15638097922848665
89,6,0.17334046884272997
89,7,0.19029995845697328
89,8,0.2072594480712166
89,9,0.22421893768545995
89,10,0.24117842729970324
89,11,0.25813791691394655
89,12,0.2750974065281899
89,13,0.29205689614243324
89,14,0.30901638575667656
89,15,0.32597587537091993
89,16,0.36385735140997827
89,17,0.40251371583514095
89,18,0.4411700802603037
89,19,0.4798264446854663
89,20,0.518482809110629
89,21,0.5571391735357918
89,22,0.5957955379609544
89,23,0.634451902386117
89,24,0.6731082668112798
89,25,0.7117646312364424
89,26,0.7504209956616051
89,27,0.7890773600867679
89,28,0.8277337245119306
89,29,0.8663900889370934
89,30,0.9050464533622559
89,31,0.9437028177874186
89,32,0.9353824638554218
89,33,0.8800853915662652
89,34,0.8247883192771085
89,35,0.7694912469879519
89,36,0.7141941746987953
89,37,0.6588971024096386
89,38,0.6036000301204819
89,39,0.5483029578313253
89,40,0.49300588554216873
89,41,0.43770881325301203
89,42,0.38241174096385544
89,43,0.32711466867469885
89,44,0.30618416719242897
90,5,0.13525710979228486
90,6,0.1522165994065282
90,7,0.16917608902077153
90,8,0.18613557863501481
90,9,0.20309506824925816
90,10,0.22005455786350148
90,11,0.2370140474777448
90,12,0.2539735370919881
90,13,0.2709330267062315
90,14,0.28789251632047475
90,15,0.30485200593471806
90,16,0.33111015618221257
90,17,0.36976652060737525
90,18,0.408422885032538
90,19,0.4470792494577006
90,20,0.4857356138828633
90,21,0.5243919783080261
90,22,0.5630483427331887
90,23,0.6017047071583513
90,24,0.6403610715835141
90,25,0.6790174360086767
90,26,0.7176738004338395
90,27,0.7563301648590022
90,28,0.7949865292841648
90,29,0.8336428937093276
90,30,0.8722992581344902
90,31,0.8892740602409639
90,32,0.8339769879518074
90,33,0.7786799156626507
90,34,0.723382843373494
90,35,0.6680857710843374
90,36,0.6127886987951808
90,37,0.5574916265060241
90,38,0.5021945542168675
90,39,0.44689748192771084
90,40,0.39160040963855425
90,41,0.3363033373493976
90,42,0.29628029652996846
90,43,0.294442334384858
90,44,0.2926043722397476
91,6,0.13109272997032642
91,7,0.14805221958456974
91,8,0.16501170919881308
91,9,0.1819711988130564
91,10,0.19893068842729972
91,11,0.21589017804154303
91,12,0.23284966765578635
91,13,0.24980915727002967
91,14,0.266768646884273
91,15,0.2837281364985163
91,16,0.3006876261127596
91,17,0.33701932537960955
91,18,0.3756756898047723
91,19,0.4143320542299349
91,20,0.45298841865509765
91,21,0.4916447830802603
91,22,0.5303011475054229
91,23,0.5689575119305856
91,24,0.6076138763557484
91,25,0.6462702407809111
91,26,0.6849266052060737
91,27,0.7235829696312365
91,28,0.7622393340563991
91,29,0.800895698481562
91,30,0.8395520629067245
91,31,0.7878685843373494
91,32,0.7325715120481928
91,33,0.6772744397590362
91,34,0.6219773674698796
91,35,0.5666802951807229
91,36,0.5113832228915663
91,37,0.45608615060240965
91,38,0.400789078313253
91,39,0.34549200602409647
91,40,0.29019493373493976
91,41,0.28453846372239744
91,42,0.28270050157728704
91,43,0.28086253943217665
91,44,0.2790245772870662
92,7,0.14505684126984092
92,8,0.1438878397626113
92,9,0.1608473293768546
92,10,0.17780681899109793
92,11,0.19476630860534122
92,12,0.2117257982195846
92,13,0.22868528783382788
92,14,0.24564477744807123
92,15,0.26260426706231454
92,16,0.2795637566765579
92,17,0.30427213015184384
92,18,0.3429284945770066
92,19,0.3815848590021692
92,20,0.42024122342733183
92,21,0.4588975878524946
92,22,0.4975539522776572
92,23,0.5362103167028199
92,24,0.5748666811279827
92,25,0.6135230455531454
92,26,0.652179409978308
92,27,0.6908357744034708
92,28,0.7294921388286335
92,29,0.7681485032537961
92,30,0.7417601807228917
92,31,0.686463108433735
92,32,0.6311660361445783
92,33,0.5758689638554219
92,34,0.5205718915662652
92,35,0.4652748192771085
92,36,0.40997774698795186
92,37,0.35468067469879516
92,38,0.29938360240963857
92,39,0.2746345930599369
92,40,0.2727966309148265
92,41,0.2709586687697161
92,42,0.2691207066246057
92,43,0.26728274447949524
92,44,0.2654447823343849
93,9,0.13972345994065283
93,10,0.15668294955489614
93,11,0.17364243916913946
93,12,0.1906019287833828
93,13,0.20756141839762612
93,14,0.22452090801186944
93,15,0.24148039762611279
93,16,0.2584398872403561
93,17,0.2753993768545994
93,18,0.31018129934924077
93,19,0.3488376637744034
93,20,0.38749402819956613
93,21,0.4261503926247288
93,22,0.4648067570498915
93,23,0.5034631214750542
93,24,0.5421194859002169
93,25,0.5807758503253796
93,26,0.6194322147505422
93,27,0.658088579175705
93,28,0.6967449436008677
93,29,0.695651777108434
93,30,0.6403547048192773
93,31,0.5850576325301206
93,32,0.529760560240964
93,33,0.47446348795180737
93,34,0.4191664156626507
93,35,0.3638693433734941
93,36,0.3085722710843375
93,37,0.2647307223974763
93,38,0.2628927602523659
93,39,0.2610547981072555
93,40,0.25921683596214506
93,41,0.2573788738170347
93,42,0.25554091167192433
93,43,0.2537029495268139
93,44,0.2518649873817035
94,10,0.15006187301587262
94,11,0.1525185697329377
94,12,0.16947805934718102
94,13,0.18643754896142434
94,14,0.20339703857566765
94,15,0.220356528189911
94,16,0.23731601780415434
94,17,0.25427550741839766
94,18,0.27743410412147507
94,19,0.3160904685466377
94,20,0.3547468329718004
94,21,0.3934031973969631
94,22,0.43205956182212574
94,23,0.4707159262472884
94,24,0.5093722906724512
94,25,0.5480286550976138
94,26,0.5866850195227765
94,27,0.6253413839479393
94,28,0.649543373493976
94,29,0.5942463012048194
94,30,0.5389492289156628
94,31,0.48365215662650607
94,32,0.4283550843373495
94,33,0.3730580120481929
94,34,0.3177609397590362
94,35,0.2624638674698795
94,36,0.25298888958990534
94,37,0.25115092744479495
94,38,0.2493129652996845
94,39,0.24747500315457413
94,40,0.2456370410094637
94,41,0.2437990788643533
94,42,0.24196111671924292
94,43,0.24012315457413252
94,44,0.23828519242902207
95,11,0.16765168253968246
95,12,0.14835418991097926
95,13,0.16531367952522258
95,14,0.1822731691394659
95,15,0.1992326587537092
95,16,0.21619214836795253
95,17,0.23315163798219585
95,18,0.25011112759643916
95,19,0.28334327331887194
95,20,0.3219996377440347
95,21,0.36065600216919735
95,22,0.39931236659436004
95,23,0.4379687310195227
95,24,0.4766250954446854
95,25,0.5152814598698481
95,26,0.5539378242950109
95,27,0.5925941887201737
95,28,0.5481378975903615
95,29,0.4928408253012049
95,30,0.43754375301204823
95,31,0.3822466807228916
95,32,0.326949608433735
95,33,0.2716525361445784
95,34,0.24308501892744483
95,35,0.2412470567823344
95,36,0.23940909463722396
95,37,0.23757113249211356
95,38,0.2357331703470032
95,39,0.23389520820189272
95,40,0.23205724605678235
95,41,0.23021928391167193
95,42,0.2283813217665615
95,43,0.2265433596214511
95,44,0.22470539747634066
96,13,0.15506690476190457
96,14,0.1611492997032641
96,15,0.17810878931750745
96,16,0.19506827893175074
96,17,0.21202776854599406
96,18,0.2289872581602374
96,19,0.25059607809110623
96,20,0.2892524425162689
96,21,0.3279088069414317
96,22,0.3665651713665943
96,23,0.40522153579175696
96,24,0.44387790021691964
96,25,0.4825342646420824
96,26,0.521190629067245
96,27,0.5020294939759038
96,28,0.44673242168674704
96,29,0.39143534939759045
96,30,0.3361382771084339
96,31,0.2808412048192771
96,32,0.23318114826498423
96,33,0.2313431861198738
96,34,0.22950522397476342
96,35,0.227667261829653
96,36,0.22582929968454257
96,37,0.2239913375394322
96,38,0.22215337539432176
96,39,0.22031541324921136
96,40,0.21847745110410097
96,41,0.21663948895899054
96,42,0.21480152681388015
96,43,0.21296356466876976
96,44,0.239132588235294
97,14,0.17265671428571405
97,15,0.15698491988130564
97,16,0.17394440949554899
97,17,0.1909038991097923
97,18,0.20786338872403562
97,19,0.22482287833827896
97,20,0.2565052472885032
97,21,0.29516161171366595
97,22,0.3338179761388286
97,23,0.3724743405639913
97,24,0.41113070498915394
97,25,0.4497870694143167
97,26,0.45592109036144596
97,27,0.40062401807228937
97,28,0.3453269457831326
97,29,0.290029873493976
97,30,0.23473280120481943
97,31,0.22143931545741324
97,32,0.21960135331230285
97,33,0.21776339116719245
97,34,0.215925429022082
97,35,0.2140874668769716
97,36,0.21224950473186122
97,37,0.21041154258675082
97,38,0.20857358044164037
97,39,0.20673561829652998
97,40,0.20489765615141958
97,41,0.20305969400630913
97,42,0.20122173186119874
97,43,0.19938376971608834
97,44,0.2815667647058823
98,15,0.19024652380952367
98,16,0.16007193650793633
98,17,0.16978002967359052
98,18,0.18673951928783386
98,19,0.20369900890207718
98,20,0.22375805206073757
98,21,0.2624144164859003
98,22,0.30107078091106293
98,23,0.33972714533622567
98,24,0.3783835097613883
98,25,0.4098126867469881
98,26,0.35451561445783153
98,27,0.299218542168675
98,28,0.24392146987951818
98,29,0.2115354447949527
98,30,0.20969748264984234
98,31,0.2078595205047319
98,32,0.20602155835962144
98,33,0.20418359621451104
98,34,0.20234563406940065
98,35,0.2005076719242902
98,36,0.19866970977917986
98,37,0.1968317476340694
98,38,0.19499378548895896
98,39,0.19315582334384862
98,40,0.19131786119873817
98,41,0.18947989905362778
98,42,0.18764193690851738
98,43,0.18580397476340693
98,44,0.3240009411764706
99,16,0.20783633333333348
99,17,0.177661746031746
99,18,0.16561564985163207
99,19,0.18257513946587542
99,20,0.19953462908011874
99,21,0.2296672212581345
99,22,0.2683235856832971
99,23,0.30697995010845985
99,24,0.3456363145336225
99,25,0.3084072108433735
99,26,0.25311013855421693
99,27,0.20163157413249214
99,28,0.19979361198738171
99,29,0.19795564984227132
99,30,0.19611768769716093
99,31,0.19427972555205048
99,32,0.19244176340694008
99,33,0.19060380126182966
99,34,0.18876583911671924
99,35,0.18692787697160884
99,36,0.18508991482649845
99,37,0.183251952681388
99,38,0.1814139905362776
99,39,0.1795760283911672
99,40,0.17773806624605676
99,41,0.17590010410094636
99,42,0.17406214195583597
99,43,0.17222417981072558
100,18,0.19525155555555523
100,19,0.1650769682539679
100,20,0.17841075964391692
100,21,0.1969200260303688
100,22,0.23557639045553141
100,23,0.2742327548806941
100,24,0.26229880722891585
100,25,0.2070017349397591
100,26,0.18988974132492117
100,27,0.18805177917981075
100,28,0.1862138170347003
100,29,0.18437585488958994
100,30,0.1825378927444795
100,31,0.1806999305993691
100,32,0.17886196845425867
100,33,0.17702400630914827
100,34,0.17518604416403785
100,35,0.17334808201892746
100,36,0.17151011987381706
100,37,0.16967215772870664
100,38,0.16783419558359625
100,39,0.16599623343848582
100,40,0.1641582712933754
100,41,0.162320309148265
100,42,0.16048234700315459
100,43,0.15864438485804416
101,19,0.21284136507936485
101,20,0.18266677777777773
101,21,0.17424637982195848
101,22,0.20282919522776569
101,23,0.21619040361445802
101,24,0.1799858706624606
101,25,0.17814790851735018
101,26,0.1763099463722398
101,27,0.17447198422712937
101,28,0.17263402208201895
101,29,0.17079605993690855
101,30,0.16895809779179816
101,31,0.16712013564668773
101,32,0.1652821735015773
101,33,0.1634442113564669
101,34,0.16160624921135647
101,35,0.1597682870662461
101,36,0.15793032492113562
101,37,0.15609236277602526
101,38,0.15425440063091486
101,39,0.1524164384858044
101,40,0.15057847634069402
101,41,0.14874051419558362
101,42,0.14690255205047323
101,43,0.1450645899053628
102,20,0.23043117460317455
102,21,0.2002565873015872
102,22,0.1700819999999995
102,23,0.16824403785488962
102,24,0.16640607570977922
102,25,0.1645681135646688
102,26,0.1627301514195584
102,27,0.16089218927444798
102,28,0.15905422712933756
102,29,0.15721626498422714
102,30,0.15537830283911677
102,31,0.15354034069400632
102,32,0.15170237854889593
102,33,0.1498644164037855
102,34,0.14802645425867508
102,35,0.14618849211356466
102,36,0.14435052996845427
102,37,0.14251256782334387
102,38,0.14067460567823348
102,39,0.13883664353312306
102,40,0.13699868138801263
102,41,0.1351607192429022
102,42,0.13332275709779182
102,43,0.13148479495268142
103,22,0.21784639682539642
103,23,0.18767180952380932
103,24,0.17966977151335317
103,25,0.17641899406528194
103,26,0.1731682166172107
103,27,0.1699174391691395
103,28,0.16666666172106828
103,29,0.16341588427299708
103,30,0.16016510682492585
103,31,0.1569143293768546
103,32,0.1536635519287834
103,33,0.15041277448071222
103,34,0.147161997032641
103,35,0.14391121958456973
103,36,0.14066044213649856
103,37,0.1374096646884273
103,38,0.1341588872403561
103,39,0.1309081097922849
103,40,0.12765733234421367
103,41,0.12440655489614245
103,42,0.12115577744807124
103,43,0.11790500000000004
104,23,0.23543620634920628
104,24,0.20526161904761892
104,25,0.1925083204747775
104,26,0.18925754302670628
104,27,0.18600676557863505
104,28,0.18275598813056382
104,29,0.17950521068249262
104,30,0.17625443323442141
104,31,0.17300365578635016
104,32,0.16975287833827898
104,33,0.16650210089020775
104,34,0.16325132344213653
104,35,0.16000054599406532
104,36,0.15674976854599412
104,37,0.15349899109792287
104,38,0.15024821364985166
104,39,0.14699743620178046
104,40,0.14374665875370926
104,41,0.140495881305638
104,42,0.1372451038575668
104,43,0.16033917647058818
105,24,0.2530260158730157
105,25,0.22285142857142862
105,26,0.20534686943620178
105,27,0.2020960919881306
105,28,0.19884531454005935
105,29,0.19559453709198815
105,30,0.19234375964391695
105,31,0.1890929821958457
105,32,0.18584220474777452
105,33,0.1825914272997033
105,34,0.1793406498516321
105,35,0.17608987240356083
105,36,0.17283909495548963
105,37,0.16958831750741843
105,38,0.1663375400593472
105,39,0.163086762611276
105,40,0.15983598516320477
105,41,0.15658520771513357
105,42,0.15333443026706234
105,43,0.2027733529411765
106,26,0.24044123809523804
106,27,0.21818541839762612
106,28,0.2149346409495549
106,29,0.2116838635014837
106,30,0.2084330860534125
106,31,0.20518230860534126
106,32,0.20193153115727003
106,33,0.19868075370919883
106,34,0.19542997626112757
106,35,0.1921791988130564
106,36,0.18892842136498517
106,37,0.18567764391691394
106,38,0.1824268664688427
106,39,0.17917608902077153
106,40,0.1759253115727003
106,41,0.17267453412462908
106,42,0.16942375667655785
106,43,0.24520752941176466
107,27,0.25803104761904744
107,28,0.23102396735905045
107,29,0.22777318991097928
107,30,0.22452241246290805
107,31,0.2212716350148368
107,32,0.2180208575667656
107,33,0.21477008011869442
107,34,0.21151930267062313
107,35,0.20826852522255193
107,36,0.20501774777448073
107,37,0.2017669703264095
107,38,0.19851619287833827
107,39,0.1952654154302671
107,40,0.19201463798219587
107,41,0.18876386053412464
107,42,0.18551308308605344
107,43,0.28764170588235294
108,28,0.275620857142857
108,29,0.2454462698412697
108,30,0.24061173887240359
108,31,0.23736096142433233
108,32,0.23411018397626115
108,33,0.23085940652818998
108,34,0.22760862908011872
108,35,0.2243578516320475
108,36,0.22110707418397632
108,37,0.21785629673590506
108,38,0.21460551928783386
108,39,0.21135474183976266
108,40,0.20810396439169143
108,41,0.2048531869436202
108,42,0.201602409495549
108,43,0.33007588235294116
109,29,0.29321066666666673
109,30,0.26303607936507933
109,31,0.2534502878338279
109,32,0.2501995103857567
109,33,0.2469487329376855
109,34,0.24369795548961432
109,35,0.24044717804154303
109,36,0.23719640059347183
109,37,0.23394562314540063
109,38,0.23069484569732937
109,39,0.2274440682492582
109,40,0.22419329080118697
109,41,0.2209425133531157
109,42,0.2176917359050445
110,31,0.28062588888888884
110,32,0.2662888367952522
110,33,0.26303805934718105
110,34,0.25978728189910977
110,35,0.2565365044510386
110,36,0.25328572700296736
110,37,0.25003494955489614
110,38,0.2467841721068249
110,39,0.24353339465875373
110,40,0.24028261721068248
110,41,0.23703183976261127
110,42,0.23378106231454007
111,32,0.29821569841269824
111,33,0.27912738575667656
111,34,0.2758766083086054
111,35,0.27262583086053416
111,36,0.26937505341246293
111,37,0.2661242759643917
111,38,0.2628734985163205
111,39,0.2596227210682493
111,40,0.256371943620178
111,41,0.25312116617210684
111,42,0.24987038872403566
112,33,0.31580550793650786
112,34,0.29196593471810095
112,35,0.2887151572700296
112,36,0.2854643798219585
112,37,0.28221360237388726
112,38,0.2789628249258161
112,39,0.27571204747774486
112,40,0.2724612700296736
112,41,0.2692104925816024
112,42,0.2659597151335312
113,35,0.3048044836795252
113,36,0.301553706231454
113,37,0.2983029287833828
113,38,0.2950521513353116
113,39,0.29180137388724037
113,40,0.28855059643916914
113,41,0.2852998189910979
113,42,0.28204904154302674
114,36,0.3208105396825397
114,37,0.31439225519287833
114,38,0.31114147774480716
114,39,0.30789070029673593
114,40,0.30463992284866465
114,41,0.3013891454005935
114,42,0.29813836795252224
115,37,0.3384003492063491
115,38,0.32723080415430267
115,39,0.32398002670623144
115,40,0.3207292492581602
115,41,0.31747847181008904
115,42,0.3142276943620178
116,39,0.34006935311572706
116,40,0.3368185756676558
116,41,0.3335677982195846
116,42,0.33031702077151337
117,40,0.35290790207715134
117,41,0.34965712462908016
117,42,0.34640634718100893
118,41,0.36574645103857567
118,42,0.3624956735905044
119,42,0.378585
